3 100 100 100
3.0106 2.5628 2.9734
4.9375 3.2307 3.4243
2.68 2.435 3.5858
3.3632 3.9185 3.4666
4.5048 3.1728 2.8777
1.1495 2.811 2.6615
2.3771 2.8965 3.121
3.6052 3.9533 2.8864
3.3828 2.2894 3.221
2.3785 3.087 2.6785
3.4398 2.72 3.1426
2.9807 2.7511 2.6058
3.8415 0.33417 2.5053
3.624 2.8453 3.5027
3.8965 3.8797 3.0044
2.179 3.9428 3.6117
2.6402 4.451 3.2602
2.5946 1.5836 4.0246
3.3332 4.6269 3.111
2.686 3.3334 0.88094
1.8333 2.8464 2.1865
4.874 2.229 3.5063
4.0153 1.8803 3.6022
1.7235 4.1728 1.8811
4.1107 2.6388 1.9783
3.5135 3.1462 3.3845
3.1661 2.4559 3.5155
3.2865 3.0939 3.0083
3.3005 3.9321 0.87182
5.3413 3.6041 2.3726
3.8127 3.38 3.8388
3.5485 4.3491 3.218
4.1711 3.4865 4.089
4.0407 4.5873 2.0787
3.4645 2.4938 4.3095
3.6989 4.0994 1.9655
4.6169 1.6068 3.4571
4.0866 4.2617 1.9156
3.6919 2.1172 1.3123
2.7697 4.2676 1.7963
2.9245 2.6119 3.0537
2.3665 2.0487 2.8465
3.1574 1.3829 3.277
1.9129 4.6949 3.548
5.5275 2.28 2.7813
2.1163 4.3254 2.1988
2.0741 2.8369 4.2751
3.0394 1.7915 2.4054
2.727 2.9299 2.8541
3.9129 3.6978 4.1973
3.7379 3.1225 5.126
4.0309 3.5973 2.7164
3.886 3.4068 3.4878
3.9242 4.3261 3.9289
1.1823 3.9259 5.7816
3.4344 3.6857 2.7002
1.8905 4.4247 4.2844
3.2729 2.109 2.3928
2.4106 3.5331 2.9096
4.7643 2.6991 2.3293
1.2697 3.3519 1.6014
2.6926 2.3184 3.4762
3.7026 2.8672 2.9603
2.9222 3.0051 1.788
1.8094 3.9075 3.2506
2.6607 3.1036 1.4959
4.1349 1.9472 3.2686
1.1533 0.78116 2.2719
3.5486 3.015 2.1318
3.6789 2.4783 3.648
1.6904 3.3147 4.8304
4.3303 2.4166 4.5834
1.5723 2.0027 3.9441
2.4446 3.1196 3.0444
4.4742 1.9369 4.7349
3.7003 2.0686 4.3032
3.3677 5.0152 1.6717
3.2468 2.5023 3.1021
3.2779 3.2174 3.0452
1.7684 3.339 3.187
5.2109 2.3793 2.1847
3.8692 2.2596 3.8991
3.4 0.94672 4.2008
2.5675 4.4059 2.2178
3.8867 3.8617 1.6088
1.5986 3.4093 2.8882
3.2718 2.2005 0.83473
3.7321 3.9068 4.1337
1.8219 4.0683 4.342
3.1268 4.5658 3.9303
2.6816 4.0058 3.8565
2.8955 2.7188 3.2448
3.7873 2.778 2.1487
2.566 4.0344 3.6527
1.6403 2.6723 4.915
4.0667 4.0779 0.91304
3.8874 3.6612 3.0778
3.4941 3.9508 4.0166
2.4117 2.2427 2.7427
2.0045 3.1438 3.8593
1.215 0.36767 -0.42177
-2.0059 -0.9681 1.6513
-0.031656 -1.3584 -0.4546
0.61358 0.93279 0.022097
0.63768 0.74234 0.031088
-2.2225 1.9133 0.18159
-1.0407 -0.46171 -0.21819
1.0562 -0.9566 -1.4085
-0.94691 -0.47227 0.53332
0.48687 -1.2343 0.48477
0.05146 0.2385 0.53417
-1.6396 1.1618 -0.55976
-1.5731 -0.60523 0.88909
-1.0496 -0.23026 0.56095
-1.6768 -1.1234 0.53111
0.76704 1.2978 0.90051
-0.84945 0.30333 0.37576
0.25813 -0.72356 -1.6372
0.97511 1.1292 0.44951
-1.2709 1.3913 2.6475
-0.98237 -0.72521 0.36322
0.0040278 0.58182 0.72594
-0.71109 -0.038144 -0.64845
1.2136 -1.7851 -0.67593
0.37035 -0.46397 -0.004055
1.1881 0.43271 -0.82944
-0.33405 -2.0872 -0.16543
-0.20202 2.8457 0.22038
0.53252 -0.32769 2.41
-0.27208 0.11281 1.3789
0.58263 1.8745 -0.28888
2.6548 0.17043 2.0732
1.4602 -0.48708 0.82398
-0.32779 -0.16362 0.0020356
1.8345 0.50718 0.66346
-1.0321 0.1158 -1.9051
-0.40959 -0.13967 1.0087
0.19743 0.68747 -0.33239
0.25997 -0.20563 1.1237
-0.2772 -0.52901 2.5102
0.15932 1.2778 0.78725
-0.64373 -1.1602 -3.0941
0.44976 2.5609 0.16294
-2.2375 0.4433 2.6942
-0.71018 0.24206 -0.50114
-0.86022 -1.6688 -1.1536
-1.1784 -1.163 -1.2866
1.8781 0.17089 -0.16768
1.2289 1.6828 -1.2246
1.6616 -1.8809 -0.25664
-0.60388 -0.2479 -0.38671
-1.1161 -1.3803 -0.3259
0.62663 -0.41697 0.83588
0.13301 -0.32903 2.185
0.27517 0.34094 -0.91593
-2.0839 1.1094 -1.0962
0.32008 0.55485 1.8402
-1.1772 0.37298 1.0781
-0.3479 -0.36018 -1.0289
0.2748 -0.10138 -0.80232
0.34583 -1.1422 -2.8304
2.0899 -0.074883 -1.3257
-0.29542 0.85796 -1.4717
-0.58037 0.62243 1.2097
1.5502 0.077016 0.50209
-0.64333 1.1646 -2.1726
-0.71626 2.2998 -0.59675
1.2411 -1.6311 -0.38766
-0.024518 1.2752 0.0014528
1.3971 1.2583 -1.291
0.025499 -2.0369 0.20475
1.4412 0.31391 -0.9107
-1.5073 -1.3608 -1.5724
-1.3622 0.34919 -1.3788
0.75436 0.13567 -0.28582
0.097988 0.81016 -1.2099
-0.29971 -0.93618 -0.38697
-1.448 -0.15201 0.41285
-0.12205 0.39849 1.125
-1.0525 0.79291 -0.067695
1.067 -0.48799 0.097754
-2.1653 1.3226 -0.92557
0.37243 -1.8969 0.091856
-0.26342 0.19849 -0.97256
0.55141 2.1741 1.6888
0.5934 -0.54028 -1.0899
-0.13956 -0.35299 0.015733
-0.15419 0.079403 0.16464
0.94346 -0.50154 0.59846
-1.5437 -0.65386 -0.17933
-0.43178 1.5333 0.28744
-1.2729 0.82528 0.1646
0.52954 -2.7191 2.2338
-0.72332 0.42213 0.48704
0.94204 -0.16585 0.087272
-0.7512 0.40112 -0.42308
1.4697 -1.3828 2.3023
0.36615 -0.065405 1.159
1.035 -0.41367 0.16684
-0.70897 -1.5211 1.978
1.0926 -0.17399 -1.2362
1.0883 -1.1303 0.042636
1.9306 1.105 -0.59937
-0.71463 -1.9945 -1.83
0.14984 0.26342 0.37894
0.58732 -2.4462 0.69922
0.23683 0.50705 -0.49964
2.0158 -0.46397 -2.1784
2.5217 -1.5405 -2.7544
-0.12489 -0.54021 -1.6603
0.72302 -0.4972 0.85937
1.0855 -2.6338 -2.8819
0.15898 -0.34394 -0.65922
2.9692 -1.3993 -2.3915
-0.54496 -0.37697 0.20498
-0.82851 -2.6061 0.86999
-0.32825 -1.2712 1.095
1.5535 -3.1055 -0.43465
1.2867 -0.36311 -1.9381
2.5338 -1.826 -0.83877
0.93644 -2.3456 -0.16491
1.8484 -1.2769 -2.2165
1.0387 -1.3659 -0.53872
1.644 -0.10627 0.021538
-1.1855 -1.0345 0.44165
0.21838 -1.7541 -2.6022
0.93803 -0.93424 -0.016401
0.90582 0.1262 -0.14615
0.14118 1.1568 -0.606
-0.65002 -2.7435 -0.69126
2.0097 -1.0556 -2.8509
0.4587 -0.54672 -0.35117
1.5427 -2.0594 -1.2706
-1.0489 -1.0195 -0.13422
-0.82235 -1.9055 -0.71519
0.78187 -0.76653 -1.4059
0.028793 0.10465 -0.86968
-0.35349 0.16718 -2.4765
2.3601 -1.1758 -0.26727
0.56564 -0.65815 -0.56375
2.6162 -1.1882 -0.9204
-0.25904 -0.92117 0.1301
-0.055806 -0.84976 0.61631
0.74148 0.27506 -0.53768
-0.27466 -2.2236 -2.0928
-0.70647 -0.63454 -1.0283
0.47374 -0.56293 -1.8135
1.8679 -0.94823 -0.97905
1.2324 -1.6733 -0.59679
1.7167 -2.0039 0.33697
-0.081668 -0.95815 -2.0281
-0.073335 -1.4392 -0.38676
-1.4865 -1.096 -1.5322
1.726 -0.13096 -0.48157
1.0688 -1.4755 -1.1894
0.75161 -0.63151 -1.608
0.17899 -1.2046 -0.041223
2.0786 -1.4052 -0.19036
1.9614 -0.70729 -1.6667
1.1793 -0.8933 -3.0287
0.79387 -1.3369 0.48137
-0.69728 -0.72916 -0.81142
2.8207 -0.32486 -0.96041
1.684 -1.0633 -1.8638
0.29829 0.87294 -1.5369
2 -1.441 0.62076
-0.31999 -3.7408 -1.5553
1.5651 -0.80277 0.022211
1.1849 0.41607 0.68082
2.2229 -1.4516 -1.9962
1.2328 -1.522 -2.9534
0.55475 -0.70234 0.2906
1.7017 -3.088 0.61529
0.78582 1.0099 -0.79901
2.2858 -0.61482 -1.1826
3.707 -1.1329 -1.0439
1.6327 -0.97878 -0.7651
1.2581 -1.3049 -0.37844
0.58055 -2.4532 -1.4509
-0.18242 -0.49954 -0.53023
0.83736 -1.9228 -0.86791
1.5702 -0.4349 -1.1975
1.5851 -0.45967 -0.95001
0.51846 -1.7489 0.22633
-0.3713 0.56922 -1.3265
0.91279 -1.5585 -1.4852
0.18085 -1.8789 -1.8661
3.4064 -1.593 -1.0996
-0.31973 -1.3848 -3.8552
-0.59973 -0.93876 -1.7591
-1.587 -0.4616 -1.4142
2.2647 -1.503 -2.6624
-0.31469 -0.093019 -1.0097
0.64815 -0.73476 -2.5461
0.66355 -1.4605 -1.14
1.3207 -0.021884 -0.30226
1.7594 -1.5057 -0.98407
1.3464 -1.2264 -0.33174
1.0787 -0.82396 -1.3803
2.238 -0.95354 -1.821
