4 250 250 250
1.4742 2.0464 3.1994 2.2357
4.3455 1.5655 3.4626 4.0774
3.8234 3.6611 2.6216 3.3728
3.4122 4.0774 2.8231 1.8141
4.5462 0.99784 4.6199 1.8489
4.8469 1.2526 5.0215 3.0566
2.2277 2.5211 2.9656 1.022
3.0419 3.9473 2.2259 3.9157
3.4311 4.2532 2.9092 4.4765
3.1204 4.4705 2.4226 3.6613
3.2028 2.6036 2.2814 1.8525
3.1942 2.3424 1.0256 3.2405
4.0866 1.9662 1.4499 5.2377
0.25128 3.5509 2.9706 4.2577
2.9941 3.7648 2.3529 3.5458
2.7496 1.4699 4.3223 3.8741
2.5313 2.8602 1.1488 4.3434
3.144 2.4687 2.0713 3.1921
3.5342 3.6022 3.5028 2.8935
2.7151 4.1439 3.469 2.7302
3.0181 4.1995 2.5598 3.1615
1.3501 3.4875 1.9966 2.7677
1.8857 2.5813 0.62875 2.2359
2.6267 2.5223 2.5242 2.0703
2.8296 1.8257 3.4695 3.6079
1.933 4.1643 2.879 2.4349
1.8194 2.1016 1.6308 2.0588
3.6129 1.0527 3.9558 1.6287
3.1348 2.173 3.737 1.6264
4.3769 4.4511 2.8096 3.6866
3.5457 3.2528 3.0822 2.6359
1.8344 2.6332 3.0736 3.6191
0.78143 3.2043 3.1784 4.2154
3.1392 3.3884 3.7718 2.7332
2.7729 3.4379 2.6397 3.7255
3.5546 2.8197 4.589 5.896
3.914 5.2844 1.8553 2.6646
2.7998 4.0582 2.678 3.4476
3.1488 0.52305 2.1991 2.6945
2.2786 2.0486 2.3343 4.1169
4.2013 2.9675 1.3481 2.5998
3.0519 3.4972 4.1657 2.5828
2.4674 2.7152 3.0763 3.663
2.5425 2.9541 2.8731 2.9782
4.8183 2.6751 3.0962 2.3154
3.508 1.6836 2.2892 0.83318
3.4204 5.1298 2.63 1.5921
3.3369 2.8039 3.8974 2.4593
3.4543 5.3247 2.9334 3.7883
3.4723 2.1098 3.511 3.6989
3.0064 2.7428 3.6554 3.5462
4.7116 1.6912 4.0282 4.0278
2.7606 2.1444 2.465 2.8006
2.1566 3.902 2.2547 3.3816
2.5872 3.7558 3.3794 2.9381
4.183 2.1245 2.0572 3.4492
3.7815 3.151 4.1756 2.8145
4.172 2.5596 1.9267 4.0328
2.7858 3.8276 4.0916 1.4383
3.1509 2.2307 4.6264 5.3619
1.1857 4.5558 1.7115 2.7297
3.9456 1.4496 4.1821 1.7679
2.8925 3.2907 3.519 1.855
3.056 1.487 3.1157 2.9587
4.0135 2.2743 2.762 4.3018
2.7266 1.9244 2.8143 2.0567
3.4308 4.5488 3.8829 3.419
2.2822 2.8375 2.3533 2.1742
2.4682 3.3258 2.3902 3.9547
3.5417 1.5581 6.0903 2.4483
2.7882 2.0399 4.5915 2.2025
1.4343 3.3476 4.0873 5.1764
2.4621 2.8969 3.958 3.2795
5.9095 3.6606 2.9746 4.3082
3.4928 4.1571 1.2604 3.9575
3.2151 2.0806 2.809 3.2103
2.591 2.0295 3.7614 4.3534
1.1805 3.4561 3.6716 2.8859
3.1356 2.8792 4.6044 3.5461
-0.078963 3.0129 4.2222 1.4462
2.0766 2.1144 3.4538 1.778
1.5449 2.0514 2.4483 3.7652
2.7867 3.4468 2.7173 2.6459
4.0736 4.5601 3.5106 2.5898
3.5159 2.6535 2.529 3.3842
2.5563 4.1082 2.5552 0.37095
1.3735 4.3697 4.4544 2.6397
2.4668 4.072 2.8662 1.9201
1.8144 4.5164 1.4188 3.4723
3.4295 3.3588 0.80725 3.0305
2.4144 1.3858 3.2452 1.468
4.4167 2.1762 2.5209 2.9007
2.8826 2.8454 2.6026 2.7742
1.4811 1.5481 2.8604 3.5243
3.0792 2.4758 3.0372 2.3743
3.7174 4.2747 1.9809 1.6505
2.5041 2.2195 2.9747 2.9244
3.6177 3.203 0.80434 3.5013
3.3393 3.2813 2.0661 3.3609
3.3844 4.8452 2.6058 3.6606
2.6735 2.7482 3.2774 2.0633
2.8724 3.6454 3.2778 2.1481
2.8657 1.7687 4.2668 2.3309
2.8715 2.1229 4.6823 3.6173
1.5443 3.3265 3.445 3.2836
2.9817 3.5244 2.1734 3.351
1.8096 2.5278 3.5333 4.0175
3.1279 3.2747 4.2527 3.6777
1.8336 2.3273 4.1283 2.8258
4.3628 3.5742 3.1025 3.1616
3.821 2.2977 1.5444 5.2281
2.4608 3.2513 1.7113 4.4417
5.0646 3.3524 2.6339 2.5515
4.1394 4.4329 3.5206 1.1354
3.8534 1.8905 2.4106 2.6076
0.92725 3.2138 1.4312 3.1342
1.7342 1.2736 4.321 1.0024
2.2977 3.1268 2.5474 4.3029
2.6723 3.7843 4.0004 4.4193
1.6884 1.9328 3.4371 2.9883
3.6551 2.7949 1.6947 2.6078
2.4773 4.2286 3.0551 3.7514
2.8346 4.6558 3.6739 3.7311
2.4515 3.002 2.3143 2.8719
2.9117 4.4858 2.3057 2.4437
4.3722 2.8414 3.3203 3.2576
1.1695 2.1261 1.9622 4.8615
2.0385 2.8962 2.3183 1.545
2.5291 1.2574 4.3258 4.718
3.5547 2.1737 2.6562 1.1638
1.9769 2.3788 3.4547 2.1631
2.4752 4.3784 2.5112 3.5745
3.7035 3.2226 1.4563 4.1095
1.7721 5.0441 2.5216 2.1365
4.0476 3.4451 2.4385 2.8162
3.3422 3.3536 3.2011 2.1838
3.5699 2.7763 2.497 1.4588
2.9851 2.1085 4.0104 4.141
2.0025 3.1695 0.94419 2.5186
1.4005 2.6239 3.389 3.0306
3.1534 1.4427 2.4678 5.113
3.7156 3.5149 3.9646 3.3418
3.7242 2.835 3.0682 2.9738
2.914 3.262 4.6319 3.7203
4.6481 2.4796 2.5915 3.2403
3.185 3.6854 2.6825 1.7936
2.597 2.4015 3.4753 3.7343
3.1052 3.3558 4.0535 3.0084
2.384 3.6682 1.7921 2.911
3.6875 2.8746 0.34995 3.7619
4.5568 2.0796 2.8096 3.1955
4.0401 3.2386 3.2489 2.452
3.2483 4.0772 4.5232 1.7926
1.6392 0.82196 2.7393 3.6512
2.3633 3.114 3.0918 3.7874
3.403 3.1411 3.6705 3.2032
2.9234 3.35 2.3815 3.0917
4.3824 2.6213 1.986 2.9103
3.6609 3.3382 2.7701 2.8817
1.5663 2.4459 1.2234 2.7899
3.633 3.2553 3.5055 4.4336
3.6686 4.1481 1.9636 4.1606
4.7507 2.9092 1.4444 2.6271
3.0853 1.9208 3.0585 3.7397
3.263 2.8966 3.4784 2.4202
1.4246 3.4341 2.7655 2.2832
2.5397 2.7298 3.5309 2.8777
1.5065 4.6613 3.7542 3.2073
2.852 2.5588 3.6819 2.4345
2.2205 2.5749 2.7921 1.5608
1.7119 4.6297 3.2653 3.8003
2.9955 3.2986 2.4477 2.5539
2.1593 3.5353 4.5097 3.023
4.2678 4.3336 2.28 3.5847
5.2274 2.3448 1.8474 3.0834
3.1527 2.8143 2.3738 3.0227
3.2823 3.8695 2.3057 3.3575
1.0417 2.2033 1.7215 3.5487
4.4974 3.2389 1.7231 2.4235
2.3762 1.8366 4.7293 3.352
3.3909 3.5093 3.0671 3.6067
2.7987 5.2357 2.0762 3.3528
3.3436 2.8375 4.0671 1.4773
2.9136 2.5977 2.0416 4.1474
3.1307 4.6611 4.5342 1.9597
1.9359 2.062 2.7084 4.9453
3.1327 2.6234 2.2313 2.3386
1.5116 2.9672 4.3203 2.7804
2.8914 3.607 2.4423 4.0893
3.1826 1.911 3.0089 1.6419
2.7216 2.0322 3.7272 3.4638
3.3257 3.3044 3.2904 3.7357
3.885 2.8109 2.361 3.5379
1.406 1.324 0.89371 2.2729
1.5446 1.2764 2.2179 3.4552
2.3802 1.2679 3.6825 2.0205
3.4282 3.0198 4.0764 3.2988
3.3457 3.4531 3.2456 2.4482
2.6447 3.6671 3.9271 3.1893
3.5801 1.938 3.3228 2.1842
5.0788 0.98916 4.4523 3.4131
1.921 3.5922 4.4991 2.508
2.1539 2.9158 2.4167 2.1481
1.17 2.9823 3.0202 0.79353
3.1336 2.5939 3.6013 3.4706
3.7948 2.6884 4.2833 4.7385
2.6285 4.9018 3.1477 2.4446
4.09 2.8462 2.4852 4.4389
2.7684 3.5108 2.9701 2.8153
3.2437 0.8287 1.667 2.1878
4.0139 1.5127 2.4678 3.0826
3.5879 2.2183 2.1405 2.5917
3.3157 3.1468 3.1823 3.6944
4.4265 3.3617 2.7559 2.1407
2.0859 5.5098 4.1457 3.1294
2.5353 1.2427 3.1964 3.2878
3.2962 1.2719 1.8665 3.1272
2.643 2.7188 3.4393 3.2865
2.4361 2.1306 2.0048 2.5764
3.7204 1.9614 3.2073 1.521
2.4924 3.9529 5.4453 3.3381
3.3951 2.5733 2.5624 2.0544
2.8166 3.4685 3.2017 4.1136
2.5642 3.2034 4.1458 2.692
3.4573 1.3993 1.9849 3.8627
3.2911 3.7659 4.2543 4.7243
1.0263 2.7437 2.5992 2.6606
2.6609 2.3378 3.8327 2.3982
1.9214 2.8468 2.4662 4.1117
3.1119 3.3933 4.7307 3.3169
2.2825 4.105 4.1932 3.0373
2.9858 3.1021 2.3139 3.1422
4.2536 1.2753 4.8292 2.261
4.7018 3.8343 2.7206 4.0498
3.7985 2.4535 3.8066 2.5401
1.4019 4.8452 3.1779 4.1101
4.4672 3.61 2.9951 2.5139
4.0751 3.6541 5.031 4.4559
3.2534 2.659 1.4614 3.2971
5.4305 2.1567 1.4826 -0.1027
2.539 2.2701 3.8119 2.8174
4.7937 1.7034 0.83644 4.26
1.8935 2.1763 3.8217 2.6811
2.6028 4.1819 4.307 2.3494
1.8274 2.4017 1.5136 3.4488
3.5626 2.9404 2.9675 4.464
3.3639 4.5574 2.4012 3.7419
2.3488 2.5013 3.9327 3.1133
1.593 2.7986 2.3667 3.5152
0.30239 3.6913 3.8038 3.5183
-0.19816 0.53045 0.56333 -1.7061
0.43736 1.507 0.22086 -1.6583
-0.014224 0.95379 1.1495 0.49479
0.77162 0.67695 0.21995 -2.244
0.6832 0.13213 -1.0369 0.54112
-1.5703 -1.4539 -0.98641 0.46554
-0.60162 -0.0074898 -1.3611 -1.1615
-1.3536 0.22684 0.26245 -1.0406
0.10567 0.5573 0.93022 -0.63677
-2.5055 -1.0036 -0.46793 -0.70144
-0.12985 0.10045 -0.35596 0.93169
1.164 1.89 -0.60353 -0.15782
0.47992 -0.60657 -2.4205 -0.93669
1.5527 0.11672 -1.3895 0.55475
-0.016073 0.19536 -0.45802 1.0781
-0.59157 -1.0093 0.35954 -1.8984
-2.0182 0.39834 -0.92848 1.3244
2.8991 0.23275 -1.3357 -1.1328
0.31985 -2.6148 -1.2168 -2.1393
1.1722 2.4374 0.87636 0.082335
0.58875 1.5128 0.30509 1.244
-0.42608 1.3319 0.15791 1.3463
-0.3516 0.94331 0.85844 -0.43245
-2.777 -0.3765 0.94319 0.7586
-1.1069 -1.3191 -0.6882 -0.13643
-0.46657 -0.51679 -1.8952 -0.21115
-0.72733 0.55281 -1.6036 1.2655
0.80032 2.1017 0.99091 0.26258
0.50228 -1.1023 0.51789 1.0578
-0.55679 2.0544 -1.533 0.53881
-1.3031 -1.1575 -0.45614 -0.70928
0.85997 0.88401 -0.070456 0.606
-0.088421 -0.079934 0.12982 -0.16973
0.36758 -2.1472 -0.067269 -1.3476
0.38064 2.7496 -0.91413 0.22488
-0.13144 -1.3272 1.2139 -0.0081568
0.78783 -0.77816 -0.54986 -0.57662
0.25074 -0.49603 -1.0444 0.13005
0.051322 -0.41296 -2.1574 -0.93223
-1.1712 0.23416 -1.4032 2.0928
0.043846 0.3622 3.0322 -1.7549
1.0086 2.3013 -0.65696 -1.6944
-0.44963 1.564 1.6319 1.1564
0.44118 1.0595 -0.57279 -0.84418
0.69848 -0.72314 1.1242 -0.70349
3.6636 1.1817 -0.65377 -0.70185
-0.7903 -0.21876 -0.78212 0.98684
-0.22436 -0.31759 0.39003 0.13051
-0.4729 0.60047 0.17551 0.54673
-1.6863 -1.3149 0.76381 -2.046
0.20207 -2.6456 -0.55506 -1.9602
0.35796 -0.4549 0.61422 0.24059
-0.3987 -0.92769 -0.76978 -2.0685
-0.049448 0.93869 0.90709 2.0904
-0.11262 -0.2888 0.7297 0.35234
-0.33243 1.5836 0.32649 1.4372
-0.93895 -0.57726 -1.1629 -1.9495
-0.79123 0.68893 -1.815 0.58537
-1.0087 0.53941 -0.66026 0.53925
0.7688 0.43135 0.1366 1.2596
-0.028465 -1.0662 -1.6905 -0.38282
0.36086 0.066167 0.5646 -1.505
-0.77116 -0.13924 1.7738 -0.78973
-2.383 -0.63488 -0.51742 -0.57887
0.054751 -0.33569 -0.15966 -0.35608
0.68873 -0.53161 -1.1319 -0.23447
1.2579 -0.34132 -0.064377 0.27944
-2.0038 -0.9477 -0.97009 2.3129
0.32657 -1.342 1.1372 -0.92004
0.17437 -0.71005 0.8471 -0.73445
0.050765 -0.31806 0.25634 1.929
-0.12167 1.1005 -0.3104 2.7137
2.1391 -0.64687 1.7937 -0.80616
-1.2738 1.7132 -2.3738 -2.1054
0.22153 -1.4975 0.38746 0.5454
0.48597 2.0901 0.73873 -0.77467
-2.1744 0.19565 0.050049 -0.085016
0.48269 -2.3833 1.4548 -0.10985
1.6038 0.77758 -0.86125 0.35467
-0.31552 -2.4479 0.066837 -1.4392
-0.3204 0.37532 1.5014 0.26086
-1.6018 2.4764 -0.98509 -0.45916
0.33336 -0.18275 1.3861 -1.6388
1.1402 0.53573 -1.9436 -0.15611
-1.3832 0.74027 -0.25173 -1.1506
-1.4866 -0.41245 1.571 3.1505
-0.66046 0.90254 0.6057 0.055226
0.10567 -0.41236 -0.005721 -0.10844
1.2328 0.96634 0.28355 -0.25313
0.61826 -1.0978 -0.99709 -0.12953
-0.090482 0.077507 -1.6463 1.3388
-0.92794 -0.3196 -2.2955 -1.5253
0.066989 -0.85618 0.66565 -0.84461
0.59275 0.097412 -2.1134 1.1143
-0.79396 -1.621 0.43376 0.51709
0.253 -1.8038 -1.9921 -0.21237
0.29714 -1.5986 0.55282 1.4888
1.4593 -0.88371 0.30264 -0.10989
1.7117 0.92684 0.18245 1.044
-2.0496 0.054826 -0.41952 -0.0034667
1.2039 1.3728 1.3821 1.9691
-0.71443 1.0858 0.92827 0.91178
-1.4436 -0.52923 -1.3595 0.7168
-0.66702 -1.4969 -0.57313 -0.94145
-0.52509 0.030489 0.4567 -0.48442
0.34366 -0.38259 -0.41706 0.42327
-0.23733 1.3465 1.1821 0.31801
-1.4873 -0.80701 -1.3852 -1.5692
-0.38309 1.7375 0.57695 0.30449
-2.098 0.27968 0.79694 0.389
1.7405 0.51083 0.37976 -1.9431
-0.70805 -0.78654 0.27197 -1.2664
0.76493 -1.1174 -1.4924 1.6075
0.73402 -0.19363 1.8303 -0.59863
-0.71985 0.023424 -0.15398 -1.2446
-1.68 -1.607 -1.3928 -0.39638
-1.6847 0.12149 -1.0887 1.3732
0.88771 -0.84552 -1.5903 0.47169
-0.13164 0.46349 -1.0283 -2.4754
1.1692 1.0739 0.67225 -0.60633
-0.5147 -2.08 -0.36329 -1.7503
-3.22 -0.79819 0.20959 -0.67227
-1.1936 -0.29817 0.88907 -2.09
0.87529 -2.4767 -0.73392 0.73562
0.2286 -2.8536 0.83303 1.1309
2.0578 -1.8629 -0.20439 0.92987
0.38118 0.98494 -0.3261 1.0997
-1.9724 1.7805 0.36325 1.3688
2.7309 -0.70168 -0.19132 -0.89615
1.1802 -0.49671 -0.63687 -0.5599
-1.6059 0.1955 1.8702 -1.5246
0.2431 0.89592 0.053299 -2.1628
-0.048968 0.96782 0.023946 -1.0289
-0.83354 2.7566 -0.44446 -1.4444
-1.995 0.52007 -1.6162 0.058781
-1.0416 -1.2848 1.3767 -0.4124
0.30202 2.5505 -1.0589 0.47971
-0.6115 -1.0976 0.12492 -1.0271
-0.94285 -0.77549 0.062177 0.37378
0.054055 0.99788 1.2626 0.21492
2.8663 0.19309 -0.27838 -1.8038
0.2702 0.075069 -0.90021 -2.1549
0.84627 0.0065079 -0.62206 -2.567
-0.59552 -1.4735 0.15091 -0.72053
-1.7132 -1.414 -0.20973 0.092091
-1.2398 -1.8442 -1.6187 0.56255
0.59652 0.83145 1.1373 -1.0941
0.052991 -0.98535 -0.52686 -0.4673
-0.051849 -1.9081 2.7744 -2.498
0.94702 0.52421 -0.016439 1.9606
2.2893 -0.27937 -0.27989 -0.86593
1.0592 -1.4335 0.094269 0.41241
-0.36828 0.31929 0.2434 -1.7635
0.33124 0.48363 0.60235 -0.5418
1.0352 0.55373 2.8895 1.0556
0.077438 -0.67107 -2.1373 -1.333
1.6208 -0.38933 -1.1135 0.54863
1.3596 -0.47531 -0.75244 -1.2993
0.65908 0.18093 0.3388 0.71197
-1.712 0.56155 -0.41322 0.54295
-1.3157 1.807 0.61866 -0.13592
-1.1098 -0.67664 -1.5295 1.9735
1.1524 -0.69154 1.2704 -1.7675
-0.028518 -0.19421 0.29141 0.58967
2.0912 1.2774 0.36283 1.9588
-0.13242 -0.43831 -1.353 0.34185
-0.011593 1.0212 -0.65496 0.77886
-0.2465 -0.80919 0.18063 -0.20432
1.4123 -0.94159 -0.84203 0.96974
1.1592 1.9944 0.89725 -1.9761
0.20525 0.94638 -0.69891 -1.2449
-0.55029 0.62461 -0.86751 -1.1991
-0.41292 0.007306 0.51396 -1.2598
-0.39933 -0.65977 -0.98522 2.6327
0.74935 1.2928 1.0667 1.9035
1.1153 1.2444 -1.6652 -0.68162
1.8095 -1.9381 -0.80592 0.48596
1.1421 -1.267 2.2378 -1.8191
-1.1857 -0.40512 -0.93424 -0.77656
1.1066 1.6326 -0.51318 -0.32154
0.1391 0.43021 0.30559 0.33598
-0.78009 1.4384 0.39175 1.3243
-0.22093 -0.6349 3.2214 0.6789
-0.15877 0.52481 1.5397 -0.02177
0.0021592 -0.68368 -0.5577 1.3667
0.15589 -2.0627 0.73079 -0.20246
-0.14905 0.33856 1.5635 0.72045
-0.48911 0.04295 -0.054183 2.2377
1.3558 -0.83788 -2.6708 -1.287
1.5918 -0.60491 -0.33776 -0.30874
0.59962 -0.85738 -1.429 -1.0774
0.076825 0.57251 0.64321 -1.7255
1.5644 -1.1449 -0.11925 1.0891
-0.40568 0.65105 1.1539 -0.50763
-0.3315 -0.32077 -1.1162 -1.8719
0.062453 -0.2598 1.2688 -1.1265
1.0957 -0.96446 -1.2784 1.0841
-0.11206 -0.9205 1.6643 0.71147
0.60415 -0.74024 0.19763 0.12391
-0.11014 -1.0117 1.3124 -1.7437
0.24531 -0.77706 -1.57 -0.57245
-2.1758 -0.70626 0.94981 -1.0585
1.5364 -1.6717 -0.65369 1.4726
1.1072 -1.9199 -1.6925 -0.72868
-1.1662 -3.4418 1.3882 0.93629
-2.7223 0.60026 0.45188 1.865
1.8225 -1.0722 -0.1738 1.471
0.064983 0.24311 0.25101 0.68397
1.0273 -0.43364 -0.53256 -1.4186
0.65222 0.92163 -1.4978 2.5565
0.45502 0.41734 -2.3231 -1.4537
1.291 1.6276 -1.888 -0.75485
0.5236 0.26199 -0.51645 -0.01798
-1.8755 0.59288 0.73934 0.82134
0.74764 -0.4166 -0.11547 0.30078
-0.37437 -1.0061 0.14774 -0.88337
0.21332 -1.8966 -0.5 -1.0941
0.24155 -1.5084 0.34394 -1.652
0.37754 1.9368 0.89558 -0.41936
-0.61348 -1.4281 -0.81973 -0.31673
-0.62858 0.56322 -1.3942 -0.15447
-1.1816 0.075084 0.59798 -0.41924
1.2067 0.75837 -0.70864 0.55371
0.10332 -0.24616 -2.4357 -0.15455
0.49854 -0.3011 0.27106 -0.64532
1.1383 0.69306 0.65789 -0.30458
-1.2716 -0.34841 0.77354 1.8036
-1.2482 0.26582 0.4078 0.071554
-0.1939 1.5586 -0.087239 1.1675
0.75968 0.681 0.13573 -0.41823
-0.95582 -0.65423 2.1289 -0.77146
-0.8267 -0.30383 0.050891 1.5325
0.5876 1.5583 -0.38669 0.67314
0.34572 -1.9629 1.531 -0.66369
0.61283 0.35009 1.2729 1.5134
0.76179 1.7015 1.8789 -0.26001
1.149 0.012523 1.062 -0.073006
-1.9104 0.21866 0.61446 -0.055448
0.15915 1.0627 1.5292 -0.17065
0.40511 2.5385 -0.18238 0.31189
-1.8715 1.0507 -0.31971 -1.5739
0.10253 -0.62236 -0.88617 0.604
1.1742 0.006208 1.9076 -2.7026
-1.6729 -0.75454 2.5834 -0.018781
0.046487 0.011926 1.119 -1.2362
-0.63366 -2.683 -0.64855 0.50287
0.77765 -1.1069 -1.3235 -1.111
-1.2345 0.61578 -0.99195 0.9548
-1.2436 0.52583 0.063032 -0.77288
1.4242 -1.464 -1.4149 -1.037
1.2724 -1.0195 -0.63228 -2.308
0.63568 -1.944 -2.1358 -0.11481
0.4736 -1.7742 0.38063 -0.14919
0.44515 -1.037 -0.15389 -0.39518
1.8472 -0.33808 -1.2999 0.91461
0.50733 -0.021587 -1.8863 -0.012175
0.88687 -1.655 -1.3777 0.68899
0.40406 -1.4726 -0.61799 0.76094
0.82343 -1.8841 -0.57095 0.27099
0.21176 -2.2485 -0.32487 -0.88573
1.5158 -0.7076 -1.5515 0.574
1.2646 -1.2985 -0.95836 -0.42585
1.8473 0.33598 -1.1676 -1.45
1.2534 -1.4312 -1.6159 0.97398
1.3269 -0.126 -0.16324 2.4461
1.1907 -1.5117 -0.63984 -0.79887
2.5474 -0.54839 -1.3396 0.016135
0.87305 0.23045 -1.3989 1.2323
0.64032 -1.1856 -1.0281 -2.1316
1.28 -0.78228 -1.6952 -1.924
0.59948 -3.6332 -1.894 -0.24661
-0.32412 -1.4714 -1.0702 1.0477
0.4047 -0.80009 -1.3943 3.3877
0.4425 -0.88967 -1.2916 3.2124
1.4694 0.66221 -0.55266 1.0166
1.5323 -0.65942 0.75418 0.64108
0.79177 -1.0016 -1.8158 -0.57226
1.2329 -0.4779 0.87133 -1.7824
0.10904 -2.2927 -0.86544 -0.097692
0.90186 -1.4678 -1.6764 0.17827
0.6945 -0.50342 -0.35053 0.097844
1.6925 -1.2329 -0.60784 1.6571
1.8639 -3.3938 -1.5415 0.11138
0.45106 -0.27692 -0.87342 1.6018
-0.93013 -2.3684 -2.4336 0.77009
1.0607 -2.2627 -3.5611 0.80764
2.1689 -0.57437 -0.69585 -1.4051
2.1145 -1.243 -2.0833 0.79413
1.6272 -1.7794 -0.3652 0.65696
1.9923 -2.5796 -0.39709 -0.69896
0.068777 -1.6223 0.018216 0.38272
-0.25687 -3.1873 -0.35394 0.4539
1.4592 -0.64526 -0.22857 0.55144
0.84588 -1.0753 -1.2778 0.72276
-0.1858 -2.3057 1.2408 1.1698
1.7059 -1.1974 -0.73221 0.080642
2.3802 1.9371 -0.60041 0.54286
1.2608 -0.77677 0.31947 0.010722
1.2801 -0.60154 -2.0434 0.98598
1.1242 0.6102 2.0315 -0.59723
0.29249 -0.61384 -2.2161 1.053
1.0204 -0.99029 0.42697 -1.2154
1.8554 -0.9275 0.33549 0.8844
-0.14276 -0.68081 -1.6676 -0.13849
1.9537 0.070862 -2.9715 0.30856
2.2561 -0.69917 -1.9139 -0.34249
0.9137 0.17219 -0.83996 -0.12682
0.8851 -1.1094 -0.53524 0.31648
2.3709 -0.17276 -0.6842 0.86802
1.4739 -1.5198 -1.4708 0.88554
1.4445 -0.14697 -1.0583 0.35197
0.85025 -2.1751 0.78993 1.2544
0.18384 -1.4544 -0.57048 0.37409
0.54867 -1.5061 -1.2109 1.2201
1.4176 0.80369 -0.9812 1.8975
0.082364 -2.0127 -0.042988 -1.1789
0.96925 -2.2403 -1.3175 -1.128
0.26396 -0.73344 -0.16326 1.2492
-0.34095 -2.2078 -1.8031 -0.15155
2.63 -2.0501 -1.7109 0.47717
1.8695 -0.53133 -1.8007 1.565
0.79375 -0.7171 -2.8163 -0.63864
2.1472 0.3412 0.42905 -0.97264
1.0831 -0.6194 0.23929 0.090446
1.4722 0.43543 -1.6849 0.18841
1.4293 -0.20041 -0.47272 0.52286
1.3021 0.62856 0.3547 0.50468
1.0131 -0.87089 -1.8552 -1.4254
0.98903 -3.0848 -1.9783 -0.20341
0.27666 -1.6471 -1.4144 -0.24065
2.1784 -1.2517 -0.023718 -2.3429
0.70194 -0.80978 -0.71377 -1.3151
0.95822 -1.4675 -1.1601 0.77196
-0.073383 -0.46926 0.10144 -1.1006
1.0313 -0.75534 -2.0965 0.24274
2.5002 0.94643 -2.0486 -1.759
-0.11253 -2.2771 -0.98116 0.29469
1.7212 -0.99254 -0.62718 0.88153
-0.46471 -1.3635 -0.68622 1.1418
1.5361 0.26684 -1.9441 -0.43528
2.538 -0.46196 -1.4091 -0.9802
1.1241 -0.19318 -1.2544 0.78425
-0.1551 -1.1115 -0.81042 -0.044802
2.7189 -0.087108 -0.84779 0.057496
-0.050034 0.52463 -0.78027 1.2289
0.32703 -1.6924 -1.746 1.8263
1.4381 -1.9025 -0.43796 -0.87513
1.3751 -0.92961 0.049712 -0.48933
0.92326 -1.6885 -1.1988 0.084889
1.2531 0.2309 -1.3443 0.67121
1.4374 -1.2746 -0.49515 1.3422
0.83113 -2.1036 -1.827 0.5677
1.2657 -0.9188 0.73855 -0.42855
0.6295 -1.7857 -1.7876 1.0024
0.47983 -2.4636 -0.97765 0.58151
0.48905 -0.60315 -1.7834 -0.16203
1.0789 -1.5643 -1.4492 0.59374
-0.0099985 -0.62184 -1.156 0.20172
0.30147 0.17049 0.022323 1.8235
0.8795 -1.0458 -1.4101 -0.25083
1.3576 -1.6351 -1.0321 1.267
0.79545 -0.66862 -1.1609 1.1863
0.99755 -0.11781 0.20002 -0.53306
0.3702 -0.58146 -3.0106 0.6803
-0.5214 -1.0405 -0.43523 0.89845
0.39625 -1.0701 -0.9222 1.6373
0.40757 -2.0147 -2.4579 -1.2966
2.4303 -1.1337 -0.97111 -0.80619
2.0243 -1.0408 -1.0734 0.16088
1.5097 -0.39723 -1.0272 -2.3662
2.2228 -0.21774 -0.38346 -1.5265
1.082 -0.78536 -0.98502 -1.8083
0.4311 -1.8098 -0.30933 0.69979
1.8583 -2.3853 0.71906 -0.63025
0.32164 -0.90913 -0.30452 3.002
0.21932 -1.214 -1.1209 0.81152
1.5424 -0.84913 -1.7078 0.81473
0.41831 -3.3554 0.84182 -0.1599
-0.042121 -0.37986 -1.3818 -0.3127
0.21301 -0.68938 0.049005 0.81478
0.36267 -1.0908 -0.14465 1.18
-0.37134 -1.3969 -0.32402 1.4593
0.25778 -0.40532 -0.6101 1.3753
1.527 -0.77981 -1.5687 1.0926
3.165 -1.7165 -0.23066 -0.024784
0.41272 -0.98826 -1.1149 -0.026131
1.5986 -1.955 -0.98029 -0.87915
2.7801 -1.7783 -1.0324 -0.13444
0.98417 0.52876 -1.4526 0.39256
0.62052 -2.8683 -2.1911 -1.3912
1.2099 -2.221 -1.4185 -0.40839
1.2079 1.6502 0.23771 -0.4076
0.1774 -0.90507 1.0043 0.09375
1.1137 -0.60377 -1.04 -0.32693
0.40731 0.35754 -0.36686 -0.3231
-0.097207 -2.9411 -0.56673 -1.3088
1.1185 0.76059 -2.6543 -1.1588
1.8991 0.06024 -0.81182 -1.2945
1.5978 -2.0468 -1.9118 0.30837
1.0017 -1.272 -2.5916 0.43238
1.7027 -0.56313 -1.7012 -1.873
2.0792 -1.8658 0.68131 -1.1235
0.8592 -1.64 -0.90878 -0.36929
0.6722 -1.5193 -2.0744 0.54321
1.7117 -1.1485 -0.28383 0.2091
0.99163 -1.6509 -0.5083 0.86054
2.8687 -0.40033 -1.3095 -1.3527
-0.29596 -0.90591 -0.44066 -0.65608
-0.49345 0.38124 -1.2843 -1.351
-0.062782 -1.7548 -2.2746 0.089603
1.1388 -0.032483 -2.2579 -0.81471
0.9419 -0.46104 -1.1366 0.76227
0.76192 -0.35691 -1.9584 -1.6894
1.936 -1.0912 -1.5242 0.080683
0.84752 -1.0827 -0.94698 -2.1623
1.5162 -2.3351 -0.8552 -0.90915
2.6275 0.17328 -2.5655 -0.078679
2.1581 -1.1901 -0.6868 0.39815
0.51232 -0.60433 -1.0931 0.33213
3.2198 -0.25528 -0.35579 -1.7579
1.972 -1.2506 -0.14466 0.47256
1.2316 -0.83462 -2.3168 0.79948
-0.064781 -1.4353 -0.36518 -0.79839
2.7029 0.17082 -0.84241 1.0161
0.8884 -1.9092 0.30108 -0.56235
0.88615 0.30145 -0.8116 -0.8478
1.0294 0.041372 -1.7388 0.187
1.226 0.47523 -3.0463 0.65682
3.2128 -0.71331 -2.019 0.46235
2.3525 0.44617 -2.2079 0.29776
0.91966 -1.06 -0.84531 0.59156
2.5895 -1.1585 -2.3467 -0.3105
0.6483 -1.4248 -2.3989 0.68632
-0.066744 -0.54528 -0.85812 0.62226
0.54436 -1.4148 0.90603 -1.5602
0.39294 -1.0586 -1.8677 -0.57908
0.87532 -1.2532 -2.5963 0.94407
0.93131 -1.2132 -3.3202 -0.36157
1.8262 -3.1271 -1.8857 -0.61597
0.29501 -1.2355 -0.45885 -0.25691
2.0002 -2.7082 -1.1731 0.9283
0.69363 -0.67774 -0.97827 -1.2564
1.5118 -0.26013 -0.32191 0.78085
2.8387 -1.6974 0.46423 0.79997
1.1359 -0.3083 -2.9276 0.5099
1.5015 -0.57211 -1.4309 -0.65111
0.30611 -0.98761 -1.7305 -1.129
1.232 0.75593 -1.6799 0.91047
0.21133 -0.22832 -3.5737 0.41019
0.82836 -1.0311 -2.306 0.12216
0.29237 -0.29873 0.20116 0.18091
1.0904 -0.35016 -0.31298 0.40787
0.11907 0.68433 -0.90888 0.36581
1.8571 -2.3898 -0.28658 1.1971
1.2638 -0.27096 -2.3725 0.66269
-0.28277 -0.79622 -1.156 0.087473
-0.95945 -1.9041 -1.3726 0.97913
-0.50484 -2.6584 -0.25064 1.8967
0.066246 -1.8909 0.48141 0.25218
0.98888 -1.0958 -1.8739 0.98862
1.3833 -0.5915 0.085429 -1.0911
-0.20997 -0.32614 -0.94361 1.1491
-0.79281 -1.3173 0.27915 -0.56757
0.5017 -1.2312 -0.014625 -0.33695
-0.70919 -0.32483 -1.9327 0.68413
0.76033 -0.16875 0.91506 -0.40717
-0.15644 0.20219 -2.4392 -2.1796
1.4447 -2.8981 -0.78512 -1.9852
0.36095 -2.2075 0.58189 -1.3852
1.0664 -0.71387 -2.505 0.54621
0.035046 0.051252 -1.3342 -0.4981
2.735 -1.8957 -1.3872 -0.33225
1.0859 -1.2901 -0.84007 -1.0755
0.7231 -1.4559 -0.41675 1.8782
-0.32654 -1.0673 -1.2846 -0.24181
1.3402 -1.4528 -0.56144 -0.80657
-0.094462 -0.24249 1.175 0.25847
-0.16771 -2.5502 0.55448 -1.5718
0.29266 1.0213 0.73057 -0.5222
0.33476 -2.3637 -0.45288 0.098982
0.37787 0.008775 -1.6899 2.0897
2.6606 0.15743 -0.62893 0.29873
1.6481 -1.1666 -0.32092 0.31343
2.3562 -0.82006 0.033849 0.77858
-1.679 -1.4489 -0.24212 1.0396
0.72339 -0.21492 -1.6012 -0.53543
0.85016 -0.67951 -2.2914 0.35691
0.67714 -0.76904 -2.361 -1.6948
2.6486 -0.14025 -1.5478 0.4746
0.48261 -1.0849 -0.49328 -1.1322
0.18972 0.20149 0.54763 -0.16203
1.318 -1.0233 -1.0946 0.20611
-0.24507 -0.30642 -0.076609 -0.84558
2.6273 -0.9233 -2.2251 1.2766
2.0099 -0.48497 0.33861 -0.51551
3.3307 -0.81886 -0.92304 -0.63193
1.5543 -0.41118 0.24297 0.67818
1.2046 -1.4196 -0.36291 1.3186
2.2386 0.19831 -1.6459 0.17745
1.1353 -1.3377 -1.9737 -1.0526
