3 500 500 500
4.6073 1.585 0.64941
1.2675 2.9307 2.1275
1.7938 2.0643 -0.089323
1.4528 3.081 0.67921
0.70712 3.0855 1.4284
3.529 2.1217 2.4402
3.4345 3.7234 0.45205
3.3014 2.4528 0.17692
3.2195 1.3533 2.1005
1.0433 2.4211 1.6062
4.2046 1.5279 1.3454
2.1035 2.125 1.7304
3.4103 1.6676 2.5731
3.5467 2.1639 0.73071
3.2034 3.3924 0.89791
3.7281 3.4343 0.47921
3.126 2.9398 0.99115
3.482 2.3177 0.33841
2.1979 1.1322 0.22707
1.7835 1.8709 0.35234
2.5371 1.7768 0.15604
2.0216 2.364 2.8151
3.4372 1.7772 1.6611
2.6586 2.2746 0.57124
3.2025 3.174 0.10388
3.4407 3.7633 0.76067
3.5893 2.5347 2.0501
3.1167 0.90353 -0.15985
2.8266 0.90404 0.34488
2.4717 1.7724 2.1589
1.3553 2.5813 1.505
2.931 2.5218 -0.83173
2.5125 2.3757 -0.35741
3.417 0.83748 0.73478
3.6185 0.79542 0.43594
2.476 3.1921 -0.36525
1.8688 2.0168 0.98856
3.4653 1.9022 0.97332
2.7682 0.68664 1.2187
4.3695 2.6943 1.7981
3.935 2.0347 -0.1091
2.8957 1.8318 0.04608
1.3061 3.3105 1.9728
3.2465 1.4304 1.0295
2.3188 0.81875 0.30616
2.5629 1.9443 -0.088812
2.4281 5.0417 1.6378
2.0868 2.0949 0.7669
1.6945 1.1274 1.0768
2.9715 1.2751 0.095653
2.7653 2.2666 2.6936
4.523 2.8293 2.0169
2.3848 0.78728 1.1285
2.2223 2.5838 1.3315
3.1842 1.6561 1.6765
3.8543 2.7756 2.1939
4.298 2.2327 -0.47992
2.4881 2.2917 -0.51036
2.6839 3.4587 0.35063
3.3034 2.0576 1.078
2.9764 0.49749 1.1216
2.4322 3.7457 0.18565
3.6643 2.3647 -0.49325
3.123 2.4412 1.7446
3.8092 2.5883 0.61241
2.7914 2.0747 1.0548
3.7496 0.29273 1.3678
3.7211 2.2386 2.41
2.75 1.0967 -0.96597
1.6893 3.1206 0.90861
3.4476 1.0982 0.93972
2.9297 3.4083 0.67195
4.19 1.7408 0.97629
2.7457 0.20357 2.2315
3.3884 2.0215 -0.5065
2.9379 3.4149 -0.95181
2.42 2.5985 1.391
2.9758 1.156 -1.0663
3.4596 2.5848 0.71577
2.7302 -0.66632 0.19564
2.4768 4.4302 3.088
3.6504 3.0513 1.2948
2.0951 4.1564 0.94592
1.6205 0.54062 1.4518
3.1107 2.5236 -0.16279
1.8356 2.9063 0.51939
1.4726 1.1621 0.19209
3.1041 1.4649 1.5881
3.555 -0.086381 0.19074
2.4098 2.755 0.70251
3.4352 0.58188 -0.49403
1.6459 3.3802 2.2441
3.0019 2.2791 2.0502
1.8401 1.0054 -0.61505
2.0562 2.6188 0.63112
2.0794 1.9123 0.49866
0.70161 2.4115 1.2209
3.7244 2.9459 1.3654
1.2564 2.9872 -0.19256
2.9699 2.4488 0.82745
3.3253 2.2209 0.40356
2.0824 3.4181 1.958
2.9639 3.952 0.72714
5.1649 2.5233 0.72933
4.0151 4.3069 -1.0296
2.5681 0.77658 1.7569
2.2771 0.617 0.98834
2.7212 3.5168 0.41165
2.0414 2.047 1.4441
3.5081 0.83577 1.9371
2.6411 1.8322 2.6131
0.52527 1.6286 2.0581
4.3628 1.6556 0.44118
3.1859 2.4206 1.9125
3.8571 2.1513 0.82891
2.7358 0.9905 -0.75176
2.4732 1.3018 0.50827
2.4201 2.5792 -0.36962
0.6015 3.9405 3.0473
3.559 3.0888 3.7166
5.3921 1.3929 1.6745
3.0953 1.9872 -0.3496
3.5739 2.48 1.4347
4.1799 0.89704 -0.13271
3.3067 1.7685 1.9398
4.068 1.5725 1.5955
4.3596 2.3535 0.046902
1.8821 2.3211 -0.13567
3.57 2.7328 0.23461
4.1466 1.3927 1.1078
3.0552 1.8544 2.2539
3.3256 1.4818 3.0989
3.879 2.3803 0.63508
4.1449 2.3985 0.062374
3.1183 1.6852 0.41611
3.5797 4.1868 1.3849
1.3471 0.40179 0.91026
3.599 0.48161 -1.3022
1.4349 0.45325 1.1249
3.2986 2.1139 1.1328
3.0475 1.3032 2.3368
2.4246 0.82246 0.9281
3.3418 2.2939 3.8868
3.9143 1.0434 1.592
3.2046 1.1991 1.0838
2.3964 2.0019 1.0908
1.8266 2.1243 1.3545
3.3856 1.2835 1.7718
1.7874 0.602 0.12869
2.0957 0.65036 0.88654
3.0336 3.3574 1.0785
1.1125 1.3025 3.7469
2.8467 2.015 -0.66497
1.1139 1.2219 1.1567
4.7777 2.7921 1.1894
3.1621 2.1874 -0.46609
3.2358 3.2476 1.0427
3.0801 3.0927 -0.32138
4.3927 3.0318 0.49532
3.0435 2.8233 1.9422
4.1868 0.48322 0.47978
3.8408 1.5829 1.124
0.95083 1.5129 2.3429
2.8577 2.922 0.93561
2.3565 1.845 1.6269
4.6842 1.1695 1.4468
1.7053 2.7734 0.93295
3.4709 0.99686 1.5438
2.5534 1.6252 1.442
2.0711 0.72396 0.66307
3.1795 2.7565 0.88496
1.5754 1.654 -0.38879
2.2444 1.3656 1.4409
4.6062 1.6793 -1.5011
2.4908 1.4475 1.4127
2.547 1.8759 0.20927
2.4459 1.85 1.0121
4.3322 3.9088 0.90321
5.065 3.267 2.1088
1.8997 1.8886 1.1665
2.4551 1.9257 1.4679
5.3096 1.6206 0.88556
2.6646 1.9869 0.52209
1.1838 3.157 1.1908
3.3594 1.2063 2.7394
2.0964 2.0924 2.7433
0.89777 1.6298 1.1733
3.1305 1.5109 1.0673
3.5287 3.0802 1.2009
1.9721 3.1106 -0.80094
1.2447 2.7135 -0.26369
0.90323 1.3539 1.2218
4.3199 2.8763 1.109
3.6331 2.0853 1.6384
3.9742 1.9394 -0.30467
1.9326 1.605 -0.76864
3.741 0.62028 1.5108
1.8383 1.4836 0.46157
1.9565 1.4893 0.78533
2.6857 3.5269 -0.51998
2.9146 -0.66806 0.73879
1.9408 0.69656 0.095055
3.4485 2.6618 2.9687
3.0348 0.05084 1.6434
3.0419 3.734 0.92476
4.752 2.1409 -0.48956
1.508 2.9582 1.77
3.6929 2.0331 1.9704
3.1495 3.9332 2.9483
2.2622 1.5743 2.6054
2.0766 1.7312 -0.69016
1.179 2.2703 0.22629
1.8416 2.8539 2.1123
0.93659 3.3624 0.85563
2.7032 3.0766 2.5334
3.2826 1.0244 0.22554
3.3014 2.5534 0.5988
2.3051 1.9558 1.3909
2.7951 1.8141 1.2602
2.6239 2.9649 1.2223
3.9523 2.0152 0.23988
2.7949 2.4563 -0.59999
2.814 2.8676 0.46046
3.2604 2.3708 2.4219
3.3522 0.58036 1.3509
-0.44407 2.8246 1.3253
1.1622 1.4816 -0.054506
3.0024 1.7549 1.0389
3.9538 2.5447 0.25555
2.286 0.9106 -0.32283
3.2427 1.0476 1.8214
1.5194 2.4318 2.3029
0.75164 2.2604 -0.36028
3.1002 0.95214 1.2559
3.8023 3.12 -0.83608
2.3174 2.3334 1.7217
2.7893 2.8646 1.0653
2.5406 2.3098 1.1297
3.3482 2.4542 1.3711
3.3345 2.0675 1.4701
1.9807 1.172 1.8692
5.8239 2.817 1.3804
2.8151 3.9829 -1.2363
2.4966 1.9323 0.39116
2.06 2.8007 0.28067
3.7904 0.79158 1.0716
2.9267 1.9731 2.3957
3.0313 2.6845 1.142
4.6842 1.9659 1.5413
2.6616 1.9649 -0.77397
2.0497 1.0891 1.8183
2.4144 0.61932 -0.14535
1.7323 2.6914 1.697
1.2838 1.3825 1.9901
3.8056 0.1014 0.92962
4.2627 1.6813 3.1402
3.3482 2.1969 1.071
4.8596 3.6932 0.22366
1.4244 2.298 0.41619
1.656 0.92006 -0.56713
3.8971 1.5155 0.54921
4.9427 -0.27404 2.1467
3.1473 1.9312 -0.10086
3.1706 3.033 1.5142
4.1609 3.2291 -0.4924
3.4796 1.2389 0.55594
2.5586 1.5515 0.49664
2.3778 3.1008 1.3418
3.4235 2.8276 1.1196
2.4786 2.3323 1.0435
1.5837 2.9915 -1.1062
3.1763 2.4251 2.5341
3.5029 2.2844 -0.40512
3.5848 3.4257 1.6381
4.3093 0.42988 2.8586
2.7234 -0.084166 0.057409
3.5404 2.6699 1.6826
1.9651 2.2497 1.9009
5.6689 1.7492 2.0705
3.4826 2.2757 1.6017
2.5187 0.49582 1.8795
2.4604 2.6965 2.3529
3.6893 1.6456 0.72401
2.0898 3.2435 -0.86617
2.8352 2.5238 0.49813
2.3665 2.3986 1.0793
2.8767 1.0903 2.3897
3.9044 1.5381 1.106
2.8713 0.35589 2.8672
3.4028 0.86133 -0.57536
1.7946 2.635 1.5852
4.294 0.86594 2.1916
3.3216 2.8414 2.9673
4.2348 3.3729 -0.51227
2.5933 2.9245 0.36635
3.971 0.53354 -0.057314
3.0382 3.635 2.4703
4.2628 1.3224 0.44348
3.4722 0.4607 2.2603
3.6519 1.17 -0.19698
4.4291 2.2971 1.5425
2.8282 2.5027 -0.15649
3.452 2.6614 1.3713
2.3762 1.7638 0.38689
3.1812 2.3676 -1.1408
-0.10038 1.7964 0.81471
2.0615 2.423 0.30921
3.1461 1.8704 1.1798
1.7585 1.4788 0.23998
2.4514 1.9014 1.4699
1.9265 2.3887 0.45325
3.2956 3.7438 -0.4066
3.1591 2.3484 2.3655
3.3102 0.78662 -1.9686
2.9168 2.1334 1.0924
1.9876 2.3823 -0.86748
2.9105 2.6947 0.15272
1.3002 1.3279 1.5236
2.3147 1.1842 1.4319
3.3819 2.7758 1.4057
1.4141 0.90705 1.0738
2.8432 1.8465 2.5579
4.8952 2.2776 1.3051
4.1369 2.9306 1.0253
3.0892 2.3643 0.7434
2.8042 0.74726 1.137
1.9471 0.81936 0.96499
2.9496 2.5677 1.1344
3.1387 1.3764 2.3795
2.6362 2.3728 1.8339
2.7413 2.7949 -2.5562
2.2914 2.6869 1.3719
3.5971 3.3318 -0.26266
4.0175 0.71528 1.2933
1.1261 3.6624 1.4386
3.2692 1.0666 2.0006
3.6411 1.979 1.1583
1.6152 2.1665 -0.21919
3.0221 3.5749 1.6082
2.4976 2.4599 2.0573
3.0301 1.919 2.3417
4.4854 0.40803 0.81027
3.9945 1.5171 1.0118
5.1372 3.2664 1.4216
3.9607 2.2048 1.9456
2.8141 0.46753 2.0739
5.0566 2.53 2.2244
2.501 2.6384 -0.20702
2.4077 2.498 2.0272
2.2409 -0.161 1.3416
4.9736 1.9847 1.6375
2.9133 2.3862 -1.5081
2.574 0.95063 1.564
4.3328 1.2643 1.2497
1.5148 1.188 0.78377
3.6312 0.044594 0.48589
2.93 1.8896 0.84282
2.2774 3.2492 1.3062
2.1276 1.5603 0.14015
3.0764 1.611 -0.33661
4.0013 2.7322 2.3636
2.6214 3.638 0.234
2.1082 3.1981 0.33349
4.0889 0.57927 -0.18626
3.095 -0.042149 1.0072
4.5203 2.7735 0.72693
3.5286 2.0705 2.556
3.4205 0.95667 0.59282
3.0394 3.0639 0.26221
2.768 2.411 -0.89099
2.873 0.58068 0.85661
1.3081 3.1212 1.6463
2.5258 2.8715 1.6577
0.73353 1.6765 0.92234
3.5295 3.922 0.57368
2.6094 0.47618 1.2716
-0.10577 1.8022 1.2516
2.2317 2.1194 0.058636
4.4066 2.2431 0.38794
5.1076 0.21689 1.3239
2.8048 -0.03255 0.37029
3.9423 0.78052 0.57387
2.9528 2.1101 0.68155
4.106 2.1024 1.1522
2.3819 2.8416 1.5376
3.0815 3.6505 1.1684
2.5844 0.75581 2.4275
3.7815 1.9533 2.1267
3.1138 3.1795 2.4545
2.5306 1.6989 0.39368
2.0425 1.2036 2.565
1.2406 1.1194 2.2531
3.0666 2.6552 -0.0076266
4.1002 3.1997 0.068601
5.2502 0.35377 0.96639
3.5085 2.2176 -0.26329
2.2042 2.3683 1.9198
3.0247 2.6418 0.31129
3.5223 1.325 -0.70413
1.9301 4.5923 0.695
3.1515 2.0841 1.0609
2.4285 2.2101 -0.76161
2.6404 0.78374 1.1246
3.0835 2.0162 1.4023
2.7653 3.0956 -0.11306
2.1844 2.3386 0.8797
1.825 0.92388 0.99621
2.3736 2.0448 1.2973
2.1062 3.3729 2.6418
3.6346 -0.034928 1.6848
2.6026 1.7684 0.94019
3.7019 2.1612 -0.085666
3.6827 1.3759 0.32471
2.6652 2.8812 1.386
0.95503 1.8847 1.6961
3.7969 3.5426 2.2372
3.2028 2.0444 0.6109
3.1921 3.2064 1.1877
5.0337 1.0766 1.9516
1.6943 2.0824 2.0559
4.6556 2.4341 1.7861
1.9692 0.80149 2.0147
1.6937 0.80972 0.72776
1.8486 0.41754 1.6725
3.6897 6.0329 1.2488
2.122 1.9659 0.20246
3.7475 1.5597 0.71286
3.1037 2.684 1.9594
2.1962 1.968 -0.55762
3.7375 2.2237 0.49607
3.9965 0.79591 1.165
4.3709 1.7689 0.083913
1.1913 1.0783 0.63013
2.2097 2.1576 1.0055
3.0942 1.563 0.25085
1.7841 1.2723 1.8062
4.2615 1.5819 1.3451
2.9159 2.9945 -0.70552
2.5085 2.6163 2.2061
3.112 1.5062 2.5772
2.3469 2.4254 2.0342
3.7047 1.6103 1.3101
2.3124 1.7714 4.2939
2.7012 1.4279 0.49699
3.5556 1.7535 1.6291
2.4395 0.52318 1.502
2.048 1.1684 1.9664
2.6357 1.0436 1.8165
2.5046 0.75533 1.5749
2.7363 2.8108 0.27458
3.2414 1.991 1.2998
2.2486 0.091315 0.39684
3.7332 1.1972 1.9648
3.7012 1.1718 -0.25834
2.6273 3.1726 0.53733
3.3304 2.5311 0.32847
2.8244 3.2827 0.60106
3.5356 0.94304 0.76128
2.6375 1.8854 0.87451
3.3848 0.84981 0.82346
3.2283 3.0952 2.4979
3.4949 1.5843 1.3667
2.3085 2.6612 2.2074
1.5139 2.6871 0.48257
3.1617 1.523 1.2648
3.2442 2.7726 0.84769
1.3365 1.8689 1.9109
3.7768 1.7792 1.7394
4.1443 0.81571 1.6272
2.471 0.31869 0.34831
2.0429 2.8906 -0.75148
2.4364 1.2813 0.33282
2.0417 -0.64712 1.9789
2.4891 1.643 2.9942
3.2058 1.3163 -0.003438
2.9283 1.5208 1.6648
4.2505 1.6691 2.987
2.2901 1.8221 -1.2863
1.7149 0.098887 1.403
2.7336 4.2352 1.1561
4.0753 0.25357 -0.46643
4.1563 2.0745 1.7829
1.6372 2.1072 1.3605
2.0503 0.30196 0.83062
4.1616 0.88221 0.72038
3.9233 1.6501 0.15194
1.4014 1.8372 0.45142
1.1975 3.9997 1.9234
3.9234 2.7307 0.96985
2.6026 3.9514 0.69298
1.585 0.59047 0.30081
3.0084 1.8213 1.2543
4.0242 0.86287 2.513
4.4172 1.8785 0.47475
0.86159 1.2538 -0.069362
4.3879 1.8374 1.2404
3.0174 1.5628 1.0827
2.1398 2.1327 0.4765
3.2862 2.5519 -0.65373
3.4631 3.0005 0.78901
0.33015 0.11854 1.0656
-1.9416 -0.67715 0.43872
0.11061 1.651 0.66054
1.8589 -1.5298 0.18914
0.65762 0.13631 -0.18565
1.0458 -1.946 0.57113
1.387 0.32352 -0.38191
1.2592 0.14942 -2.8348
1.2895 -0.17698 -1.3513
-1.7173 1.1253 1.7735
1.1444 -1.3634 -2.3374
2.8772 -2.2886 2.2933
1.4378 1.8949 -0.46319
-0.74516 4.6154 -0.89941
1.3007 -0.67719 0.31658
-1.3373 0.45933 -0.529
2.2361 0.78156 1.6666
-2.6306 1.0853 -1.6514
0.43605 -1.0952 -2.9278
-1.2412 -0.71665 1.0492
0.74975 0.43039 -1.3883
-0.2462 -1.0384 1.9977
-0.41248 1.0665 0.52351
-2.0271 1.6853 -0.39803
-0.35673 2.1617 0.67014
1.7803 -1.5318 0.071167
1.0544 1.9613 0.5767
-0.36062 -0.99602 0.49815
-0.31142 -1.3433 0.36031
0.87379 0.73299 -1.4886
1.1558 -0.57246 0.73147
1.274 -1.0328 -0.30358
-0.44897 0.50391 -1.4785
-2.4974 -1.0349 1.6256
1.8199 0.0094917 2.7794
-0.077983 0.19436 1.8305
1.3791 -0.28361 0.65918
1.6862 0.091741 -0.44212
0.91172 0.32407 0.3409
-0.92648 -0.49765 0.10377
-0.94024 1.9654 0.60878
0.91331 -0.87588 -0.36021
0.79504 1.7761 -1.3258
-1.4688 -0.44928 0.37998
-1.6299 -0.82743 -1.1921
-1.9686 0.70384 -0.65806
-3.5955 -4.4505 1.4822
-0.97145 -1.1071 -0.76219
-2.7862 2.2159 0.42717
0.97409 0.57 -0.32908
-0.58164 0.79435 -0.95633
-0.32256 -1.6388 0.016946
-2.3778 -0.72649 -0.20703
1.5118 -0.65582 -0.99127
1.9431 -1.2751 -0.83767
2.0093 -0.036206 1.9918
-1.4859 -0.44202 0.94847
-1.0191 -1.831 0.92428
1.1276 -2.2776 -0.53527
-0.35269 -1.466 -0.36237
1.1111 -1.8155 -2.3022
0.81248 -0.9949 0.62678
-1.4746 -1.8898 -1.5435
1.4061 -0.28778 1.5651
0.18292 -0.5905 0.24376
-1.043 -0.62073 -0.267
0.9912 0.61126 -0.023241
-1.4606 -0.23113 0.3686
0.21226 -0.3737 -1.1421
-1.0138 -2.7113 -0.63872
1.1591 -0.066521 1.3434
0.54539 3.0856 -3.0536
-1.7537 0.73949 1.2012
-1.6656 0.9834 1.4768
1.06 -1.8995 0.63687
3.7956 0.43211 1.0376
0.26786 -1.0328 0.63121
1.4104 0.66349 1.4086
2.9704 -2.0573 -0.033767
-0.62844 1.6897 -1.465
-0.0018562 -1.727 -0.4619
-0.27621 -0.80326 1.5219
0.99754 1.9823 0.75238
2.861 0.85795 -0.82589
0.85917 -1.6294 1.9297
-0.65507 2.2385 0.16746
-0.35854 -1.3154 -2.0905
1.1282 0.79845 0.60833
1.2992 0.77346 1.6612
-0.50905 3.324 2.1455
-0.70945 1.5533 -0.15712
-0.80152 -0.064513 -1.1073
0.23357 -0.42217 -1.9162
0.68707 -4.0424 0.41406
2.2987 1.394 0.79935
-0.21364 -2.187 1.0931
-0.25561 -0.4445 -0.54215
2.5571 1.3023 -0.46899
-1.7391 0.5071 -0.76633
-0.15176 0.37718 0.19963
-1.9976 -0.81229 -0.63877
-0.85613 -1.0425 0.93911
-1.8819 -0.29675 -0.15103
1.1067 1.1935 -1.0197
-2.0944 -0.93539 0.36074
-0.51187 0.21498 0.95902
-1.3234 -0.5763 1.0108
-1.5562 -1.1819 2.1211
2.5438 -1.3246 1.3839
-1.7039 0.017363 -0.38521
-0.36681 0.63126 0.37768
-0.71412 -2.1207 0.80709
0.7028 -1.0415 -1.6642
-1.593 0.87974 1.3874
-0.39453 -0.96517 -0.87187
2.1415 0.6764 2.2269
-1.0375 1.1578 2.3326
1.385 -1.4513 -0.50553
-0.44664 0.92588 -1.7259
0.4647 -0.17406 -0.85112
0.61107 0.49425 -0.53908
-2.7926 -1.5229 0.93872
0.24363 0.43715 0.34439
-0.24929 -0.72124 0.83843
-1.8838 0.37919 2.1388
0.46155 -1.0914 -0.082849
1.4847 -2.0477 -0.13577
-1.434 -0.36018 -0.70616
1.4572 -1.1117 -0.85806
-0.9981 0.47985 0.54925
-1.7651 -0.65503 0.88005
1.0265 1.2258 -0.51092
0.79462 0.29813 -0.19727
1.4508 -0.63959 -0.46251
-0.20381 0.21875 0.0012609
-0.50527 0.40626 -0.93832
1.4588 1.0316 -0.39347
-1.6167 0.017083 1.5179
-1.2727 -4.2306 -3.8231
-0.21906 1.0923 -0.57672
-0.51956 1.1146 -2.1516
-0.093866 0.34023 0.74422
-1.6116 -0.83622 1.4918
-0.024352 -0.43064 1.6635
1.6794 -0.55469 0.51728
-1.2715 0.62555 1.2419
-2.1784 -0.43808 0.19195
-0.92283 -1.2063 1.7963
0.085556 -0.26711 -3.5805
0.12829 -1.0516 -2.5294
1.3774 -0.37329 -0.81463
0.46737 -2.144 0.64825
0.60086 0.21119 1.4516
1.3636 -0.993 1.9069
-0.060371 2.5987 -2.5689
-1.2424 1.6686 1.7411
-1.0374 0.78805 2.5982
0.13791 -1.1409 0.061589
0.34167 -0.44162 -1.9316
0.74578 -0.73161 4.2355
-0.91724 1.4171 -1.1931
-1.1356 2.0136 0.78968
-0.79033 0.93817 -0.50056
0.4568 1.2151 0.1868
0.30089 2.4803 2.6133
1.181 0.35005 -1.0121
-0.88831 -1.4473 1.539
-1.9686 -0.48398 2.3578
0.19151 0.22405 1.0688
-1.4629 -2.668 1.0011
0.59412 -0.24528 1.742
0.69234 0.81508 -0.51648
-1.2206 -0.018509 -0.32319
-0.14868 -0.3292 -0.70573
-0.014005 -0.42243 1.4705
-0.70533 1.6382 1.2037
0.31434 0.73074 1.2213
-0.052837 -0.24801 -2.1435
-0.32584 -1.1613 -0.90063
1.0575 3.6605 -1.0752
-0.79734 -1.2844 -2.2286
1.0445 0.7816 -0.3508
-0.27833 0.34587 -0.39207
0.055637 -0.39641 1.0294
0.020319 0.69107 1.3141
0.38679 -2.1499 -1.3216
2.5455 -0.17143 0.33313
-0.71616 -0.5623 -0.53377
2.4191 0.44141 0.52604
-1.2931 1.6176 1.9505
-1.9371 1.4191 -1.7714
0.2909 -0.85408 0.0093497
0.5388 1.4735 0.72142
0.078431 -2.0218 -2.3726
0.415 -0.56194 1.5445
1.1303 0.43524 0.44546
2.0438 -2.2963 3.3895
-1.4623 -2.7506 1.1837
2.5254 -2.6405 1.1093
-1.207 -1.9402 2.1639
-0.69242 -0.67756 -0.42959
0.1565 2.4031 1.6451
-2.0492 0.20727 -0.19871
-1.2246 -1.1401 0.82313
-1.3746 0.84591 0.21128
-1.7636 0.41634 -0.3988
-1.3293 1.6066 -1.3944
-1.4445 -1.1534 0.0012995
-0.70215 -1.5227 0.1604
-0.51574 1.0587 0.065241
-0.93614 -3.7261 0.036845
-2.6676 0.1956 -0.3018
2.5053 -1.9637 0.80798
-2.3065 -2.2135 1.0441
1.6847 1.6706 1.1851
1.8347 1.3296 -0.030373
-0.67003 -1.4492 -0.71479
-1.6973 -2.1682 2.2477
1.9583 -2.2397 -0.23537
0.79713 0.76708 -0.59185
-1.514 -2.5892 -1.06
0.11962 -1.9875 -0.17016
-2.3223 0.48177 0.082632
2.6389 -0.15725 -0.54809
0.92932 0.93955 -0.12495
-1.9435 -1.0807 -1.7253
2.2617 0.17845 -0.92037
-2.4312 -0.13298 -1.581
-1.6159 2.4365 0.049417
0.79055 -0.62335 1.2718
1.2205 -1.2001 -0.79573
0.20811 0.21749 -1.2514
2.9691 -0.10184 -1.4686
-0.5322 -1.7055 0.76928
-0.85277 -0.26858 0.33026
0.56546 0.0070283 0.19781
-1.7412 1.9192 1.5731
-0.44561 -1.7717 -2.1081
0.64509 -1.7331 1.9092
-0.60024 -2.8543 -2.2204
0.013482 1.2945 1.4495
-0.96998 0.91889 0.32847
1.7984 -2.0161 -0.7401
-0.13575 -1.3897 0.9249
2.36 -0.82595 1.2585
-1.0863 -0.96186 -0.34526
-0.74842 0.62521 1.2283
-0.31764 0.15282 2.3528
0.85411 0.11908 1.5357
-0.55613 1.3753 1.9583
-1.3558 -1.6525 -1.221
-1.9156 0.72571 -1.5705
0.427 2.6576 -2.5266
-1.7564 0.59702 1.3585
1.1913 1.2827 -1.1178
1.2902 1.4983 -1.2335
1.1729 1.9384 -1.6459
0.74982 -1.6195 -0.31168
-0.44044 -0.21017 -0.7219
0.99519 -1.1645 0.31047
-0.32964 -0.86867 -1.4702
0.62016 -2.5217 -0.43218
1.901 0.693 0.2095
0.932 0.2249 2.2604
2.3803 4.4745 1.7111
-1.0008 0.85222 -0.45201
-2.3086 0.0025859 2.1793
-0.40011 -3.1384 1.3998
1.6111 0.82696 -1.1708
1.9122 -2.0394 -0.82926
1.2522 0.19436 -0.38875
-1.8936 0.95993 2.0032
-2.7109 2.4937 -0.37871
0.25616 0.36916 1.8035
1.2337 -2.1284 -0.13821
-0.87001 -0.8723 2.9062
1.9856 1.827 2.2924
-0.23262 0.1407 -2.6459
-1.7764 0.39251 1.226
0.39274 0.88099 -0.7089
-1.4712 -1.3821 -2.2656
-0.68554 -0.82074 -0.96997
-1.0783 -0.84902 1.6913
0.24555 1.9514 -0.67312
1.3013 -0.08601 1.8816
-0.21915 -1.3887 0.43819
0.4405 -0.43364 0.77493
-1.5079 1.2823 -1.8558
0.48495 0.47957 -1.4117
0.85159 1.6041 -0.38298
1.0893 -0.52992 -0.36689
0.38058 -3.3209 -0.27563
-2.1434 -1.2102 1.5594
1.858 0.11407 -1.0572
-0.2749 -0.79534 0.89922
1.4077 1.5382 -1.5551
0.59321 -2.1804 -1.5355
-2.6322 0.32904 0.29816
0.33698 -0.34792 2.7238
2.3365 -3.7406 1.249
-1.4278 2.6909 -2.9387
0.29173 -1.4664 -0.93999
0.60167 0.45143 -1.0988
-0.40214 1.0991 -1.7447
-1.6185 -0.73536 1.8256
-0.20571 1.4894 0.028849
1.4685 1.0531 -2.1782
0.6128 -1.2993 0.4336
-0.49467 1.1086 -0.40844
1.1934 -0.34123 -1.422
0.66489 -2.5681 0.66575
1.3908 0.83661 -1.2713
0.99238 2.606 -0.036395
-0.11584 0.69277 -1.0264
0.43375 -0.57883 -2.4449
1.042 -1.5928 -0.81032
-0.27806 0.09157 -0.27948
-1.143 -1.0194 0.58399
1.1624 -1.3691 0.90116
-0.74623 -0.84303 -0.70112
-0.60812 -2.37 0.28425
0.52247 -0.27245 -0.55827
-2.8083 0.36351 0.16172
1.6476 0.26103 -1.942
-0.18689 0.36598 0.7811
0.91257 -1.4184 -0.16219
-0.53358 -1.6796 -0.23326
-1.6666 -1.7776 1.0329
0.31324 -0.45392 -1.6134
-0.89851 -1.0275 1.0896
-1.8904 0.18221 -1.4901
-0.3656 3.3548 0.42981
2.3828 -1.3657 -0.31743
-1.4064 0.38513 -0.64922
-1.1436 -2.1576 0.91418
-1.1029 -0.64914 1.4126
0.81772 0.74131 0.73657
1.1979 -2.9544 0.28137
-0.17367 1.4177 -0.195
-1.6161 1.6227 -2.5948
-1.9139 0.66192 -1.6846
2.1789 -1.0987 1.4948
-1.9755 1.8572 -0.15788
-1.7084 0.18388 -0.26987
-1.1587 -0.85029 0.00097949
-0.25936 -1.8575 0.25256
0.69043 -0.43724 -0.21553
-0.81351 0.35579 1.0413
0.86582 1.3701 -0.54526
0.33699 -0.88177 -1.7293
-0.88007 0.59275 0.84873
-2.1826 -1.48 2.1984
0.27141 -1.6581 -0.71716
0.059082 1.6159 1.3086
0.71948 -2.0271 -0.24562
-1.1425 1.2464 0.0082685
0.84455 1.7075 0.56415
1.8252 -0.651 -0.72313
0.30836 -0.82711 0.80335
1.9445 -1.8518 -0.77653
0.24436 -0.9049 -0.47533
2.0671 1.0735 0.34441
-2.1007 1.1545 2.5329
0.37567 -0.20366 0.064892
-0.53519 -1.995 -1.3062
0.58987 -0.59679 1.7249
-1.7593 -0.6751 -0.15744
-1.7868 -0.96208 1.1142
-0.66043 -0.76406 -0.54264
-1.6814 2.5562 -0.49201
-0.09047 0.23576 -1.428
-0.77822 -0.70123 1.1065
0.36934 2.8156 0.63224
-0.92659 0.30877 -1.5439
-1.2603 2.9389 -0.91837
-0.45201 1.7133 0.70397
0.31157 -3.352 -1.2088
1.5508 -2.3999 0.89078
-0.30886 -2.5276 -2.3423
-0.63501 -1.4369 1.1416
0.36249 0.24585 -0.66683
-0.49594 0.38776 -0.56813
-1.9699 1.54 1.4541
-0.96037 -1.0022 -1.0986
0.85732 1.4654 -1.5461
-3.0828 0.21694 2.1309
0.17277 -0.13286 -1.1918
1.3668 0.34738 0.81758
1.0092 1.5426 0.86421
0.52494 -0.45984 0.43467
0.93845 -1.1313 0.62561
-0.80359 -0.52802 -0.77356
-0.42427 2.0133 1.3067
0.32226 0.99884 1.1346
-0.64231 -1.5012 0.51336
1.4877 0.5683 -2.7758
-0.81505 -1.2937 -0.87167
-0.40418 2.1613 -0.79616
1.2061 -2.7931 1.8636
1.9224 -2.2626 1.4366
-0.23318 1.1474 -0.51701
1.6286 -0.74967 2.1456
-1.3863 0.55346 0.30494
-0.52424 -0.75216 0.92659
-0.14424 0.21571 -3.0709
-0.33196 -2.9162 -0.83666
-1.2471 -1.0614 -1.0019
-1.9489 0.1001 -0.14347
-0.39595 -2.0648 0.48873
2.0929 -0.30458 0.14627
1.4898 -0.39662 -1.3568
0.31088 -0.8808 2.4199
1.3187 0.063362 1.0145
-0.23136 0.0033153 0.70651
0.365 -1.1311 1.772
-0.14882 -0.072625 -0.35548
0.34747 1.44 -0.021159
-1.1228 1.2773 2.1507
0.90461 -1.6658 1.8541
-2.2808 1.9293 -2.0975
-1.5254 0.74306 2.9418
0.85024 2.4199 0.47443
-0.018882 -0.37484 -0.68767
-0.076357 0.77914 -0.32823
-2.0754 3.0936 -0.69864
-1.2117 -0.30235 -0.82317
1.568 0.49031 1.4675
-0.1752 2.3369 2.6034
-3.2104 1.151 1.7682
-0.083539 0.24937 0.83715
1.4257 2.8476 1.1885
1.8395 1.0444 -1.1887
0.037568 -2.9926 2.2609
-0.093671 -0.22686 2.3319
-0.98806 -1.0569 -1.8632
0.98684 -1.4635 -1.0211
-1.5622 -0.9362 2.1942
-1.8977 -0.54418 -0.15549
-0.72646 1.7167 -0.41301
1.3023 -2.154 -3.159
-1.2311 -1.3035 0.011527
0.36885 -3.1034 -0.67937
-1.1375 2.196 -0.71307
2.4843 -2.3514 -2.1025
0.70691 -1.1214 0.74544
-1.6873 2.5732 3.991
1.5215 0.28858 -0.74876
-1.8741 2.4354 -0.074516
-2.2192 -0.019372 0.58918
0.83416 -0.46187 -0.97913
-0.7261 -0.70283 0.81188
-1.4309 -2.4822 0.060207
1.5226 -0.13226 -0.79042
-1.7315 2.2354 -0.0569
3.4635 1.3635 0.9803
-0.16495 0.99548 -1.282
-0.79294 -1.9749 0.21553
2.8797 1.7398 0.12361
1.0876 1.8663 -1.1248
-0.99375 1.6921 1.7755
1.3686 -1.3263 -1.7335
-0.50176 1.2312 1.0657
0.99342 2.5837 -1.2329
1.4702 2.5553 -0.2705
-0.014493 0.41148 1.5499
-0.035269 -0.33062 0.41397
1.0323 -1.7626 -2.5746
-0.19037 0.16885 -1.1263
1.3445 -0.20167 -1.2526
-1.4644 0.66616 -1.2805
-0.2958 -0.50529 0.60417
1.0218 0.21497 0.28782
1.0913 1.2728 -1.8503
-1.1705 1.0741 4.6948
-0.46813 2.4174 0.17219
0.38152 1.2276 -2.6061
0.47004 1.0023 -0.25332
1.2747 0.12231 -0.83394
1.0921 -1.0404 -1.1342
-1.9825 0.33818 -1.2006
-0.6712 -2.5238 1.8097
-0.047642 -1.1068 0.51306
-0.67095 1.3346 -0.0081212
-1.4227 -0.85131 -0.16206
-0.71977 1.2475 0.072426
-1.7174 1.0267 -0.5709
-1.9898 0.55948 -1.4383
-0.93624 -0.4466 -2.5816
1.303 1.0173 0.21886
-0.47639 0.19852 -0.59354
1.8775 -0.33094 -1.24
0.185 1.7372 -0.39108
0.41769 1.8412 0.60216
1.2741 3.7199 0.008198
-1.5575 1.4477 1.0082
1.5661 0.36617 0.84794
-0.0071292 -3.5461 1.0977
-0.6 -1.5912 0.27036
0.057017 -1.2823 -1.062
0.71914 -1.0187 3.0128
2.6966 -0.85875 -2.1226
-0.2144 -0.9146 -4.2447
1.1943 -1.8797 -2.4769
-0.79206 -0.71932 -2.3645
2.1806 -2.6236 -0.26212
1.0633 -0.98989 -1.2606
0.028721 -3.7619 -2.8439
-1.8987 -1.6371 -2.6668
-1.2443 -2.1741 0.42384
3.1244 -1.5619 -1.0791
-0.79514 -1.8035 -1.03
1.7567 -2.3013 -1.2071
0.28667 -3.3044 -3.0946
1.3484 -2.5948 -2.7735
2.1111 -2.6637 -1.9793
1.6128 -2.6122 -1.1114
2.1382 -2.2147 -2.5475
1.3579 -2.2371 -2.0824
0.55312 -2.6803 -1.5565
3.0615 -0.62785 -0.60537
2.1461 -2.5801 -0.72084
-0.27526 -3.3678 -2.5268
-0.14933 -2.1967 -2.1811
1.7761 -0.13447 -2.6866
1.375 -3.9837 -2.5846
1.2622 -2.7731 -2.2884
1.2324 -2.7776 -2.5322
0.37292 -3.9694 -2.9923
1.3152 -2.5802 -2.2178
3.0151 -1.6715 -3.3013
0.83044 -0.38262 -1.1023
-0.23288 -2.3605 -2.1248
-1.3611 -2.1978 -2.4791
1.7444 -0.94916 -0.20974
1.0987 -1.8262 -2.3604
1.3168 -1.6888 -1.1341
1.0432 -2.3858 -2.4153
-0.33603 0.035729 -2.536
2.1605 -0.21455 -3.0511
3.0646 -3.1847 -0.68916
1.2927 -2.226 -2.102
1.4157 -2.2592 -4.079
1.1271 -1.0363 -1.1407
1.5417 -2.5299 -2.365
0.67796 -1.336 -0.24018
-0.015953 -3.3068 -0.77803
1.4782 -1.9288 -3.8944
0.83361 -1.5968 -1.1915
1.1078 -3.2914 -0.63864
-0.33172 -2.4568 -3.2709
1.8706 -1.0513 -0.61466
1.1805 0.11435 -2.1819
0.44887 -1.5714 -0.62115
-0.39906 -1.8094 -1.8877
1.5292 -0.59557 -3.1758
1.0988 -1.6609 -1.4165
1.5867 -2.8382 -1.7052
1.2533 -2.153 -2.4887
2.5543 -3.118 -2.2857
0.67053 -1.5505 -3.1421
0.65734 -1.4063 -1.43
1.0914 -2.6135 -0.4095
2.5258 -2.7517 -2.9
0.70165 -0.91416 -1.3854
1.0978 -4.1919 -2.0725
1.2762 -1.1109 -2.7103
0.93788 -2.7225 -1.6716
0.92554 -0.21368 -3.0063
0.33431 -1.3593 -2.7827
0.20668 -3.0215 -2.2713
0.59353 -2.9168 -3.4033
0.97498 -1.1796 -1.9692
1.4676 -3.3052 -1.9393
-0.35685 -1.7025 -0.73034
2.6143 -1.9824 -0.11803
0.7759 -3.236 -0.9282
0.84128 -1.3357 -2.0152
2.2622 -2.2053 -1.8382
0.69352 -2.0296 -1.3132
1.5916 -2.049 -1.8809
0.39647 -1.2545 -1.6805
-0.57839 -2.218 -2.6909
1.1609 -1.085 -2.4483
0.68086 -3.197 -0.82868
1.953 -2.004 -1.7193
-0.43489 -3.0825 -2.6635
1.943 -3.4321 -1.6231
0.51019 -1.3458 -1.6743
1.6855 -0.047038 -1.3751
1.6255 -1.6351 -1.8308
1.2561 -2.5008 -3.0279
1.052 -1.7992 -3.6262
0.20841 -2.1175 -0.84554
1.7225 -0.70796 -1.9068
1.2704 -1.4626 -3.4051
2.4089 -1.8186 -2.3847
0.58534 -0.87856 -3.3297
2.0335 -0.3118 -1.2962
3.2099 -1.6959 -0.72157
0.60778 -2.6569 -2.7287
0.54937 -0.52355 -1.8633
0.92825 -1.8245 -0.7057
0.91321 -1.2926 -1.3303
0.33365 -0.97733 -1.9689
1.5477 -2.5087 -2.2259
0.91839 -3.3173 -1.4479
1.3037 -2.2608 -2.1143
0.64956 -0.38529 -1.5657
3.6857 -2.3143 -2.6142
1.8048 -2.1812 -2.1737
1.6455 -2.9031 -0.79445
1.5603 -1.058 -3.6286
0.34312 -2.1829 -1.4501
1.5714 -2.965 -2.8953
-0.16837 -2.0918 -1.7796
2.9891 -3.8794 -2.1954
1.8228 -2.4984 -0.81473
-1.0949 -1.9232 -2.1407
1.4153 -2.046 -1.1895
0.68926 -1.0356 -3.2008
1.4732 -3.2509 -2.3033
1.0627 -1.9688 -2.6793
1.707 -1.4733 -1.9113
1.0078 -1.6541 -2.2325
0.15496 -1.5476 -3.5014
1.0112 -1.6872 -2.6446
2.0132 -1.8441 -1.4328
0.90794 -3.4084 -2.4469
0.47936 -2.1518 -0.88748
1.2311 -2.0113 -2.9536
0.11539 -1.0011 -1.255
0.58258 -1.9516 -2.8603
0.53102 -2.6212 -1.6492
0.49396 -2.0685 -2.8655
3.5232 -2.7242 -2.1255
3.1438 -1.8206 -1.2342
-0.065393 -2.3609 -2.3805
1.014 -1.9188 -2.458
0.29154 -1.406 -1.1184
3.0173 -3.3625 -1.25
3.071 -2.2393 -1.9251
1.1179 -2.9587 -3.2155
0.12295 -1.918 -2.3867
0.78402 -1.7883 -1.781
2.2033 -2.3091 -0.41408
1.617 -0.55974 -4.1512
-0.34837 -1.2326 -0.85705
1.2609 -0.72197 -1.3918
1.5865 -1.0221 -0.27171
1.8901 -0.15304 -1.4487
0.038729 -1.4459 -2.3549
0.33601 -1.3784 -0.81201
-0.56908 -2.3646 -2.0999
1.341 -3.3866 -2.9775
1.3791 -2.549 -0.85313
2.1393 -1.6134 -1.8646
-1.6515 -1.1446 -2.2664
0.71086 -2.7769 -2.2257
2.7208 -3.9931 -2.8859
1.0464 -1.5101 -0.84933
0.80333 -1.1663 -3.7194
0.86165 -2.5584 -1.3011
0.77803 -1.1313 -1.4466
1.1664 -2.2359 -1.7264
1.1333 -1.5211 -1.2983
-0.02681 -1.7726 -3.7486
1.6222 -2.4977 -1.2512
1.2617 -2.9289 -2.5369
1.4432 -2.6712 -1.2367
-0.056406 -0.5181 -4.3776
2.2525 -3.3012 -1.4495
0.55651 -1.4315 -4.1584
1.3506 -2.3414 -2.3059
2.5258 -1.9358 -1.1475
1.7388 -2.6962 -1.2439
-0.76355 -1.0709 -2.4731
1.0207 -2.2975 -1.3811
1.2417 -2.4868 -2.6335
1.0116 -2.7795 -2.1296
-0.025742 -2.0831 -1.5123
1.4977 -1.4885 -1.3539
0.70273 -2.0414 -2.6566
0.83754 -0.39426 -2.2249
1.9896 -2.0387 -3.7013
0.52514 -2.925 -2.1428
0.4566 -3.0209 -2.2851
0.28881 -1.7746 -0.60815
1.2498 -0.74121 -1.8765
0.73753 -1.67 -1.5008
-1.1399 -1.7438 -1.9297
0.31383 -1.7725 -1.7748
1.4298 -1.8113 -2.6005
0.89873 -2.8388 -1.5251
0.9716 -2.5087 -2.3993
3.3054 -1.6866 -1.6763
-0.45717 -0.041975 -0.40263
1.2485 -1.027 -1.418
-0.32545 -0.94804 -1.5645
-0.020831 -1.2581 -2.7637
0.94713 -3.409 -0.65366
-0.18016 -0.83426 -2.0617
0.9829 -4.729 -2.8048
1.446 -2.3475 -2.6792
1.6873 -1.3984 -0.96607
2.6263 -1.8081 -0.98808
0.55485 -1.5099 -0.89375
1.7528 -3.0288 -2.9046
-0.20456 -3.1259 -2.7077
1.8204 -2.0025 -2.2957
0.96508 -2.3908 -2.7542
0.90423 -3.1645 -2.5128
0.77083 -2.8255 -2.8285
0.76327 -1.849 -2.5529
1.8121 -4.0369 -1.8895
0.23718 -3.5254 -1.8159
1.5628 -0.95294 -3.8623
1.4649 -1.9705 -2.0494
0.7002 0.46438 -2.663
-0.47593 -1.5533 -1.8932
1.2374 -1.3193 -1.1192
2.7943 -2.7708 -1.6361
1.4036 -0.47154 -3.422
0.13017 -2.1412 -2.584
-0.0074151 -3.7015 -3.7049
0.53796 -3.6129 -2.0291
1.701 -2.5389 -3.0372
2.0222 -1.714 -1.8784
0.8042 -4.2865 -2.6577
1.873 -2.7729 -2.2911
2.9375 -2.4192 -3.2924
1.0974 -1.3673 -2.3914
1.4748 -2.2368 -2.5977
2.9385 -3.5259 -0.84257
-0.92389 -1.9021 -1.323
0.6727 0.16718 -0.83186
2.6007 -2.3305 -1.2504
1.2265 -1.9241 -0.75536
1.9145 -1.0988 -2.3643
-0.17319 -3.091 -2.9923
2.6062 -4.4563 -0.65806
2.0736 -1.1729 -2.6369
1.9946 -2.5538 -1.0885
0.51444 -0.12635 -1.6456
1.2386 -2.9996 -1.4007
0.96398 -2.1325 -0.67383
2.4189 -3.5314 -2.642
-0.13783 -2.6436 -3.6218
0.9266 -1.8926 -1.5509
-0.66611 -2.4771 -3.014
1.2884 -0.78501 -3.7456
1.5874 -1.9479 -2.215
0.42291 -2.6196 -0.46481
0.62147 -0.97976 -3.2857
2.2518 -4.0083 -2.1563
0.78639 -1.9562 -1.9859
-0.12139 -1.4442 -3.2488
0.43023 -1.3574 -1.4608
0.3624 -1.3014 -3.4713
1.5175 -2.1284 -1.1777
0.80663 -1.0512 -2.6483
1.9762 -2.013 -2.8961
0.8437 -3.9556 -2.8354
0.86371 -2.1113 -1.4707
1.413 -2.7902 -2.0981
0.83305 -2.9442 -1.0103
0.65125 -2.3756 -2.4198
0.82409 -2.7747 -1.879
2.3078 -2.2008 -3.0306
1.0052 -0.65935 1.0701
-1.059 -0.7815 -0.61294
-0.1069 -0.42123 -1.8378
1.084 -2.6412 -2.0523
2.4225 -1.7234 -1.3202
-1.2384 -0.028244 -1.5282
0.021914 -1.4267 -2.6356
-0.84499 -3.011 -3.9734
0.97407 -1.2485 -1.3096
0.70192 -1.0401 -2.7844
1.8693 -2.3679 -1.0609
-0.84492 -2.721 -0.395
1.4054 -1.6321 -2.9684
1.3115 -1.2464 -0.99263
2.466 -1.5406 -1.4798
1.2629 -3.5886 -1.1499
1.2618 -2.2755 -1.4058
1.9922 -3.3995 -0.21293
1.0513 -3.2659 -2.0777
0.12486 -1.2433 -1.0404
0.92423 -2.1612 -1.4732
0.84151 -1.893 -4.222
-1.001 -2.6105 -3.1435
-0.27057 -0.95025 -2.9841
1.3232 -2.8928 -0.84899
0.76489 -3.8396 -1.8085
-0.25373 -1.5937 -3.8161
1.292 -1.5218 -2.2077
1.48 -2.0368 -2.3112
1.921 0.24148 -2.165
1.1841 -1.9776 -1.2578
1.7054 -2.416 -3.057
2.2057 -1.8696 -2.345
-1.2583 -2.4515 -0.40502
2.1624 -0.84694 -2.2299
0.11055 -3.4903 0.22018
1.2136 -3.1135 -2.4439
1.9564 -2.0778 -1.2878
0.28413 -2.6157 -1.7218
1.4282 -2.2144 -2.7724
1.4849 -2.0079 -2.8287
0.66253 -0.65193 -0.77994
0.46609 -1.2805 -2.9193
-0.18367 -3.2293 -2.3175
2.1055 -3.0129 -3.2282
1.0711 -2.3528 -1.1343
1.2195 0.069472 -0.85393
0.68221 -2.7487 -2.9679
2.5721 -2.506 0.3028
-0.54235 -2.4874 -2.2836
-0.37377 -2.2172 -2.2253
2.2151 -4.4042 -0.93572
-0.44594 -1.2162 -3.6829
-0.72479 -3.0776 -1.7725
1.8038 -0.93493 -1.318
1.5816 -0.82897 -1.7815
0.90997 -3.8431 -1.6164
0.29293 -0.73118 -1.2542
0.060869 -3.1401 -2.2301
0.27355 -3.3282 -1.9739
0.94877 -2.3803 -3.2857
1.5384 -2.956 -1.7751
0.43742 -3.7925 -1.7067
-0.60416 -1.4142 -1.0475
1.0267 -1.2644 -1.266
0.26514 -1.5908 -2.8675
1.312 -2.4684 -1.4827
-1.2023 -1.1708 -0.76979
0.18442 -1.6218 -2.9215
1.4895 -2.7241 -1.0729
0.033477 -1.3874 -0.29734
2.4294 -2.9241 -2.3814
1.7453 -3.3264 -1.4844
0.17286 -1.954 -1.8501
1.1116 -1.7139 -2.4834
0.96474 -3.2855 -2.3185
-0.3323 -0.32833 -2.6225
1.168 -2.3728 -3.4226
1.4095 -1.1646 -2.89
2.2521 -2.0902 -3.585
1.9806 -4.0462 -1.5138
-0.71335 -3.7593 -0.54356
1.5428 -0.88185 -2.3751
2.1429 -3.0106 -2.6851
0.53491 0.36063 -1.6173
0.20798 -2.0022 -1.7041
1.4026 -1.0329 -2.9083
0.74813 -2.3609 -2.2582
0.56536 -2.7615 -1.2051
0.66796 -0.88392 -1.1419
0.55005 -2.8457 -1.4882
-1.1041 -3.8841 -2.59
-0.083246 -3.5955 -3.0951
1.4406 -1.07 -1.907
1.0199 -2.3732 -1.5089
1.7768 -1.5063 -2.4265
-1.2323 -1.5318 -0.77449
2.7073 -2.8987 -1.2298
-0.082677 -1.8933 -2.1313
1.5105 -1.2351 -1.5289
0.6877 -2.1268 -1.6358
0.74618 -1.783 -2.933
2.3172 -2.1138 -3.0616
1.1532 -1.0849 -0.58318
0.86629 -3.058 -1.6668
-1.285 -1.0185 -1.9248
0.73195 -3.0032 -2.3176
-0.28151 -2.7201 -3.1053
0.66741 -1.9404 -1.4784
-0.045762 -2.8162 -2.2723
1.3739 -1.553 -2.9396
0.75339 -1.1969 -0.12478
-0.31853 -0.43303 -1.7242
0.55636 -0.94715 -1.6513
1.3304 -1.2459 -2.8754
0.69784 -1.4219 -1.4048
0.032591 -1.6176 -2.1285
1.5328 -1.8501 -1.665
1.3959 -1.2193 -1.4239
0.2196 -2.5613 -0.53863
0.83293 -1.884 -3.1083
0.49096 0.031293 -3.0485
0.067814 -1.3296 -1.0175
0.16472 -1.6571 -1.4199
-1.0211 -1.8166 -2.4403
1.3869 -0.20725 -2.29
3.8638 -4.4113 -1.3435
1.314 -1.88 -2.1361
1.7149 -2.4915 -0.34343
2.4511 -2.9721 -1.3385
-0.17045 -3.4132 -3.7655
0.39271 -2.1809 -2.2197
-0.96292 -2.199 -2.2992
1.7558 -2.4444 -0.92085
0.39895 -1.6166 -1.9066
0.94468 -2.52 -3.3996
-1.1736 -2.078 -2.1629
2.4464 -1.0477 -0.4472
1.7812 -3.1497 -2.1684
0.51323 -1.5965 -2.9108
3.8679 -2.4478 -1.6613
-0.36851 -2.2258 -0.34305
-0.31208 -1.5287 -1.6962
1.7586 -1.6943 -3.237
1.8935 -1.6889 -1.0223
0.44892 -1.4517 0.095086
0.6708 -1.4766 -1.1898
0.55695 -1.0658 -0.92894
0.41949 -2.2964 -2.5674
0.64835 -1.3562 -2.5854
0.77542 -0.31678 -2.9334
1.7 -2.7433 -2.5154
1.9484 -1.8552 -2.6459
1.2422 -1.561 -1.1661
1.1003 -0.11234 -2.1121
0.30385 -3.2432 -0.90243
-0.40872 -0.63978 -1.6857
0.81991 -1.8033 -2.0049
0.08263 -2.6734 -3.6127
-0.42642 -2.7669 -2.9981
2.2851 -2.6036 -1.0822
1.4137 -3.1774 -1.7841
2.8416 -2.331 -1.9805
2.1848 -2.6729 -1.7011
0.24181 -0.40244 -2.9569
-0.34676 -0.80749 -1.9979
-0.14776 -1.9997 -2.6792
0.24189 -1.7945 -2.7275
-0.56882 -1.5453 -1.3407
1.0601 -0.9361 -0.95428
-0.10941 -1.1774 -1.2585
-0.36846 -4.681 -0.57495
1.3092 -3.3159 -2.0395
1.4287 -2.5222 -2.7876
1.1446 -1.1109 -2.0454
1.9795 -0.95673 -2.6588
1.358 -2.7462 -2.4654
1.1892 -1.6686 -1.7404
-0.15724 -2.2943 -2.2106
-0.26793 -1.6381 -0.29282
0.56284 -0.77294 -2.8269
1.5649 -2.4306 -1.5477
1.1286 0.039401 -2.4274
1.4372 -2.5234 -2.5817
0.98865 -2.4727 -2.3182
2.1859 -1.2436 -1.6349
-0.40516 -2.5431 -3.7396
4.0481 -3.0923 -1.9116
1.0895 -2.5346 -2.6681
0.099677 -0.82536 -2.5291
0.46582 -2.1077 -1.0348
-1.9637 -2.2352 -0.3274
1.9059 -1.4054 -3.6971
1.4568 -2.6712 -2.597
1.331 -0.49329 -1.8288
2.8665 -2.8447 -1.9164
1.7699 -0.65704 -1.3645
2.9305 -0.62904 -1.8876
1.5159 -4.3914 -2.8943
1.9691 -2.6032 -1.7081
2.4312 -1.9006 -3.2632
1.9456 -0.56083 -2.4646
0.71191 -1.6087 -0.91125
1.1515 -1.8615 -2.4531
0.38549 -3.0788 -0.97738
0.2706 -1.7568 -1.2693
-0.27121 -1.2768 -1.7667
0.69856 -0.2368 -1.262
1.115 -2.5418 -1.8265
-0.65623 -2.5675 -1.332
1.1679 -1.3592 -1.3756
1.1678 -2.6882 -3.3359
1.171 -1.3853 -1.4709
1.5485 -1.887 -3.2649
-0.51406 -2.9808 -1.4246
-0.51005 -2.1386 -1.0152
1.5879 -1.6032 -2.1444
-0.5684 -2.7508 -3.1305
0.94472 -2.051 -3.551
1.3306 -3.6028 -1.2742
0.40085 -2.2584 -3.7519
0.4459 -3.3568 -1.7535
2.624 -1.2675 -2.5422
-0.19626 -2.2058 -2.1738
2.1027 -0.71269 -2.4095
2.0439 -2.8791 -2.252
-0.19297 -0.31529 -0.35726
-0.37147 -2.3545 -1.1127
1.6182 -2.7471 -0.96813
0.059565 -2.7488 -1.1967
1.4113 -2.7038 -2.1901
0.81216 -2.1406 -2.8719
